1.000000000000000021e-03 1.919764708101185996e-03 9.598823540505931007e+00
2.689655172413793309e-03 1.355160282836146432e-03 4.460671231011820836e+00
4.379310344827585730e-03 1.221963887887468148e-03 3.289116172393800053e+00
6.068965517241379018e-03 1.196442946569431379e-03 3.088121915685480889e+00
7.758620689655172306e-03 1.211365725816220982e-03 3.241508643664393396e+00
9.448275862068963860e-03 1.241556156747598838e-03 3.524442541645141702e+00
1.113793103448275715e-02 1.276827000213314736e-03 3.848034041104833491e+00
1.282758620689655044e-02 1.312707313096096989e-03 4.174031555914637259e+00
1.451724137931034372e-02 1.347207552277033789e-03 4.485768787631966070e+00
1.620689655172413701e-02 1.379501490133114424e-03 4.776556912133139043e+00
1.789655172413793030e-02 1.409326029285925706e-03 5.044478830018034543e+00
1.958620689655172359e-02 1.436689686549251803e-03 5.289883640687240707e+00
2.127586206896551688e-02 1.461727138829448493e-03 5.514144938552075104e+00
2.296551724137931016e-02 1.484625741505858501e-03 5.719039724446151496e+00
2.465517241379310345e-02 1.505590221395929811e-03 5.906443446175903667e+00
2.634482758620689674e-02 1.524825948656251913e-03 6.078185845318373026e+00
2.803448275862069003e-02 1.542530281717098073e-03 6.235991117460462974e+00
2.972413793103448332e-02 1.558887744032073051e-03 6.381446067711205927e+00
3.141379310344827314e-02 1.574066530570263772e-03 6.515992447605001736e+00
3.310344827586206989e-02 1.588216573601074775e-03 6.640922597659048243e+00
3.479310344827585971e-02 1.601468791302624543e-03 6.757386008335490857e+00
3.648275862068965647e-02 1.613934177079688614e-03 6.866384311077935898e+00
3.817241379310344629e-02 1.625705746290714198e-03 6.968786205960110891e+00
3.986206896551724305e-02 1.636860612991018803e-03 7.065337339013474605e+00
4.155172413793103287e-02 1.647461250008459485e-03 7.156668975613946770e+00
4.324137931034482962e-02 1.657558543912807970e-03 7.243314598998967568e+00
4.493103448275861944e-02 1.667194044752594740e-03 7.325722390391008254e+00
4.662068965517241620e-02 1.676401735936483084e-03 7.404270553688135692e+00
4.831034482758620602e-02 1.685209327243116732e-03 7.479273295216129824e+00
5.000000000000000278e-02 1.693640514890800081e-03 7.550998789332164840e+00
