1.000000000000000021e-03 1.919764708101185996e-03 9.598823540505931007e+00
2.689655172413793309e-03 1.372819557345014057e-03 4.616357042324726656e+00
4.379310344827585730e-03 1.301601958084284104e-03 3.991079856162547124e+00
6.068965517241379018e-03 1.317833063153906175e-03 4.151745271678666249e+00
7.758620689655172306e-03 1.357869348898079745e-03 4.521300198952225458e+00
9.448275862068963860e-03 1.401908873143493158e-03 4.923317965026424936e+00
1.113793103448275715e-02 1.443622392172666611e-03 5.302321839288160810e+00
1.282758620689655044e-02 1.481209370505813571e-03 5.642969942227650471e+00
1.451724137931034372e-02 1.514465615285767643e-03 5.943905639216735537e+00
1.620689655172413701e-02 1.543729372314136096e-03 6.208445557950010851e+00
1.789655172413793030e-02 1.569486991885295397e-03 6.441126900212861273e+00
1.958620689655172359e-02 1.592225495017710480e-03 6.646430585210342912e+00
2.127586206896551688e-02 1.612383219601825008e-03 6.828360940596086337e+00
2.296551724137931016e-02 1.630338426112164273e-03 6.990354300089653528e+00
2.465517241379310345e-02 1.646412733756094822e-03 7.135314129983591158e+00
2.634482758620689674e-02 1.660879346533372831e-03 7.265685563156794480e+00
2.803448275862069003e-02 1.673971619526660451e-03 7.383536768678887974e+00
2.972413793103448332e-02 1.685888822388572359e-03 7.490618172581355871e+00
3.141379310344827314e-02 1.696800531272780587e-03 7.588419324752407213e+00
3.310344827586206989e-02 1.706850713764237158e-03 7.678208247995669922e+00
3.479310344827585971e-02 1.716160277141191935e-03 7.761059763353276075e+00
3.648275862068965647e-02 1.724829748454658482e-03 7.837888735829197095e+00
3.817241379310344629e-02 1.732941883214441248e-03 7.909464284014036117e+00
3.986206896551724305e-02 1.740564550137513019e-03 7.976431782136776505e+00
4.155172413793103287e-02 1.747752472103426217e-03 8.039332044765133745e+00
4.324137931034482962e-02 1.754550681975529120e-03 8.098615705303394918e+00
4.493103448275861944e-02 1.760995716828146979e-03 8.154659917544357484e+00
4.662068965517241620e-02 1.767117671845233867e-03 8.207778863708165673e+00
4.831034482758620602e-02 1.772941518837371604e-03 8.258236842245022302e+00
5.000000000000000278e-02 1.778487961101857858e-03 8.306252427658456838e+00
