1.000000000000000021e-03 1.919764708101185996e-03 9.598823540505931007e+00
2.689655172413793309e-03 1.354624389259239444e-03 4.457296507143039932e+00
4.379310344827585730e-03 1.201563078730596154e-03 3.112027872262392414e+00
6.068965517241379018e-03 1.160425718510070753e-03 2.778171183755274942e+00
7.758620689655172306e-03 1.164276822718552252e-03 2.838432730548035465e+00
9.448275862068963860e-03 1.186816912495752829e-03 3.057040721222617385e+00
1.113793103448275715e-02 1.217057800016187533e-03 3.338165866188562259e+00
1.282758620689655044e-02 1.249881450608441181e-03 3.638190889614054679e+00
1.451724137931034372e-02 1.282769935069610510e-03 3.936088177826539081e+00
1.620689655172413701e-02 1.314484446814602990e-03 4.221749795511253289e+00
1.789655172413793030e-02 1.344452780744542905e-03 4.490678849663104266e+00
1.958620689655172359e-02 1.372457731480187723e-03 4.741331410999589657e+00
2.127586206896551688e-02 1.398471283361002937e-03 4.973709598024695921e+00
2.296551724137931016e-02 1.422565337507784074e-03 5.188609364132035218e+00
2.465517241379310345e-02 1.444863093460653286e-03 5.387207654778602972e+00
2.634482758620689674e-02 1.465513598408762098e-03 5.570843668676968896e+00
2.803448275862069003e-02 1.484676015799329171e-03 5.740898860901819667e+00
2.972413793103448332e-02 1.502509505868758520e-03 5.898726039465482351e+00
3.141379310344827314e-02 1.519166413811195342e-03 6.045612185727611276e+00
3.310344827586206989e-02 1.534786686735025623e-03 6.182751199747951176e+00
3.479310344827585971e-02 1.549494975046366565e-03 6.311228787282553654e+00
3.648275862068965647e-02 1.563398581119888019e-03 6.432011947709692201e+00
3.817241379310344629e-02 1.576588055944894195e-03 6.545951786069339917e+00
3.986206896551724305e-02 1.589138701519128517e-03 6.653786376862287355e+00
4.155172413793103287e-02 1.601111400522270195e-03 6.756143964492590470e+00
4.324137931034482962e-02 1.612556020592337746e-03 6.853562946796027511e+00
4.493103448275861944e-02 1.623512480457204319e-03 6.946492612233395647e+00
4.662068965517241620e-02 1.634013563027751073e-03 7.035314298310034076e+00
4.831034482758620602e-02 1.644085940248582976e-03 7.120346561931632401e+00
5.000000000000000278e-02 1.653752139145054289e-03 7.201858957078985490e+00
