1.000000000000000021e-03 1.919764708101185996e-03 9.598823540505931007e+00
2.689655172413793309e-03 1.406314691937042690e-03 4.917033307025005406e+00
4.379310344827585730e-03 1.385076545388681541e-03 4.736633706573750047e+00
6.068965517241379018e-03 1.426497726877388886e-03 5.119505127854927728e+00
7.758620689655172306e-03 1.476542331384084845e-03 5.576929150386305878e+00
9.448275862068963860e-03 1.522509097090873334e-03 5.995581641246706894e+00
1.113793103448275715e-02 1.562073392416611986e-03 6.355304926863869497e+00
1.282758620689655044e-02 1.595577040066403036e-03 6.659627871306558866e+00
1.451724137931034372e-02 1.623940928092450914e-03 6.917109020392871344e+00
1.620689655172413701e-02 1.648088450785304077e-03 7.136226028392373522e+00
1.789655172413793030e-02 1.668804076683170524e-03 7.324148224368127735e+00
1.958620689655172359e-02 1.686720489348756671e-03 7.486643482013001005e+00
2.127586206896551688e-02 1.702339972113547191e-03 7.628281684091378523e+00
2.296551724137931016e-02 1.716060943320016222e-03 7.752682341413969169e+00
2.465517241379310345e-02 1.728201243877749548e-03 7.862720161496106641e+00
2.634482758620689674e-02 1.739018128689831955e-03 7.960711116791720166e+00
2.803448275862069003e-02 1.748722214814288833e-03 8.048535498340399386e+00
2.972413793103448332e-02 1.757487729977142603e-03 8.127741746219966146e+00
3.141379310344827314e-02 1.765458684569695983e-03 8.199606204740513604e+00
3.310344827586206989e-02 1.772755322429225887e-03 8.265197376987231337e+00
3.479310344827585971e-02 1.779476502318968426e-03 8.325403119195954105e+00
3.648275862068965647e-02 1.785703968284193957e-03 8.380970981603107717e+00
3.817241379310344629e-02 1.791503674439474383e-03 8.432512055891191238e+00
3.986206896551724305e-02 1.796930350626142021e-03 8.480547183142647327e+00
4.155172413793103287e-02 1.802027498130461241e-03 8.525500407804452507e+00
4.324137931034482962e-02 1.806830933131176650e-03 8.567728552384986429e+00
4.493103448275861944e-02 1.811369934934654174e-03 8.607526145300408160e+00
4.662068965517241620e-02 1.815668225185999938e-03 8.645138975678603899e+00
4.831034482758620602e-02 1.819745816671620737e-03 8.680771655908603890e+00
5.000000000000000278e-02 1.823619189520495282e-03 8.714595632780154588e+00
