1.000000000000000021e-03 1.919764708101185996e-03 9.598823540505931007e+00
2.689655172413793309e-03 1.501883142552533660e-03 5.781992477030978073e+00
4.379310344827585730e-03 1.545419649284946254e-03 6.183397478510880951e+00
6.068965517241379018e-03 1.603298138111014992e-03 6.712767532569140272e+00
7.758620689655172306e-03 1.650656603195803330e-03 7.145191422727060093e+00
9.448275862068963860e-03 1.687347201545211142e-03 7.479974675723241262e+00
1.113793103448275715e-02 1.715919848423533896e-03 7.740591656012988153e+00
1.282758620689655044e-02 1.738562299081039151e-03 7.947074071409543805e+00
1.451724137931034372e-02 1.756848520727508946e-03 8.113808682671152184e+00
1.620689655172413701e-02 1.771878802589089974e-03 8.250842969120096626e+00
1.789655172413793030e-02 1.784427787499248208e-03 8.365247551323948372e+00
1.958620689655172359e-02 1.795050171792477887e-03 8.462083222324364939e+00
2.127586206896551688e-02 1.804150495129419910e-03 8.545038861636694349e+00
2.296551724137931016e-02 1.812030156316426013e-03 8.616861137171500928e+00
2.465517241379310345e-02 1.818918015928105720e-03 8.679631948563624633e+00
2.634482758620689674e-02 1.824991838505833110e-03 8.734960692530666648e+00
2.803448275862069003e-02 1.830392162245702680e-03 8.784113116500787299e+00
2.972413793103448332e-02 1.835232030284835629e-03 8.828102922850712631e+00
3.141379310344827314e-02 1.839602539243360329e-03 8.867746357239136401e+00
3.310344827586206989e-02 1.843578268989521859e-03 8.903711865769205147e+00
3.479310344827585971e-02 1.847219781139434374e-03 8.936548375660358090e+00
3.648275862068965647e-02 1.850576311856587039e-03 8.966706612031281054e+00
3.817241379310344629e-02 1.853687906698518479e-03 8.994559411939627935e+00
3.986206896551724305e-02 1.856586590820385367e-03 9.020412176167893037e+00
4.155172413793103287e-02 1.859298579822129443e-03 9.044518041011411214e+00
4.324137931034482962e-02 1.861844940927752682e-03 9.067085243156080665e+00
4.493103448275861944e-02 1.864243172070328925e-03 9.088287174916960254e+00
4.662068965517241620e-02 1.866507379425156763e-03 9.108268040170630186e+00
4.831034482758620602e-02 1.868649139775388750e-03 9.127145507894384835e+00
5.000000000000000278e-02 1.870678463707617194e-03 9.145020551586624080e+00
