1.000000000000000021e-03 1.919764708101185996e-03 9.598823540505931007e+00
2.689655172413793309e-03 1.359732909989088637e-03 4.500204254835174389e+00
4.379310344827585730e-03 1.252760073813530923e-03 3.559008637231837469e+00
6.068965517241379018e-03 1.246209644733363778e-03 3.521242271914535760e+00
7.758620689655172306e-03 1.273490202644827303e-03 3.780194685719787895e+00
9.448275862068963860e-03 1.311275979585348802e-03 4.128024220800543986e+00
1.113793103448275715e-02 1.350779317563556917e-03 4.487891624757885722e+00
1.282758620689655044e-02 1.388586380055196762e-03 4.830501889029288343e+00
1.451724137931034372e-02 1.423475436977969218e-03 5.145691503121368804e+00
1.620689655172413701e-02 1.455157128830760838e-03 5.431333733551945819e+00
1.789655172413793030e-02 1.483734464394322267e-03 5.688634264194534218e+00
1.958620689655172359e-02 1.509462518146879179e-03 5.920053411659361053e+00
2.127586206896551688e-02 1.532640370642261935e-03 6.128377719471531648e+00
2.296551724137931016e-02 1.553564467149484577e-03 6.316326662667294478e+00
2.465517241379310345e-02 1.572510670100701110e-03 6.486395646338438681e+00
2.634482758620689674e-02 1.589729722193089848e-03 6.640819805721960734e+00
2.803448275862069003e-02 1.605446258417212498e-03 6.781574171938441253e+00
2.972413793103448332e-02 1.619860358410839729e-03 6.910400096991407892e+00
3.141379310344827314e-02 1.633147465849817863e-03 7.028819501629413047e+00
3.310344827586206989e-02 1.645460025775318576e-03 7.138161051165830884e+00
3.479310344827585971e-02 1.656928581094892911e-03 7.239578926021998484e+00
3.648275862068965647e-02 1.667662511253035660e-03 7.334062987070398165e+00
3.817241379310344629e-02 1.677752775722395626e-03 7.422460005923730897e+00
3.986206896551724305e-02 1.687274414453626692e-03 7.505489164946475000e+00
4.155172413793103287e-02 1.696287983410386425e-03 7.583751995886024666e+00
4.324137931034482962e-02 1.704843273390448458e-03 7.657760044237178931e+00
4.493103448275861944e-02 1.712980799482903506e-03 7.727936618842158545e+00
4.662068965517241620e-02 1.720733930834322063e-03 7.794640468027203006e+00
4.831034482758620602e-02 1.728129495483605440e-03 7.858166043598235007e+00
5.000000000000000278e-02 1.735191250229435557e-03 7.918769905574791323e+00
