1.000000000000000021e-03 1.099981666758333317e-03 5.499908333791665882e+00
2.689655172413793309e-03 9.114210419203139409e-04 3.775900389262015988e+00
4.379310344827585730e-03 9.478116582169252013e-04 4.109309596354601801e+00
6.068965517241379018e-03 9.777941939976336413e-04 4.383505616012600470e+00
7.758620689655172306e-03 9.990695340160726801e-04 4.577970516657484445e+00
9.448275862068963860e-03 1.014412074852537706e-03 4.718175273999477781e+00
1.113793103448275715e-02 1.025857458768885538e-03 4.822753859110866514e+00
1.282758620689655044e-02 1.034673622986327299e-03 4.903303484233975773e+00
1.451724137931034372e-02 1.041652303818431900e-03 4.967061314727815535e+00
1.620689655172413701e-02 1.047304150260386802e-03 5.018695650914278161e+00
1.789655172413793030e-02 1.051969674312992200e-03 5.061318155685960107e+00
1.958620689655172359e-02 1.055883702320232435e-03 5.097074729934100823e+00
2.127586206896551688e-02 1.059212745586246736e-03 5.127486349411266353e+00
2.296551724137931016e-02 1.062078196162961462e-03 5.153661087669362928e+00
2.465517241379310345e-02 1.064570553341087286e-03 5.176423541020529484e+00
2.634482758620689674e-02 1.066758890643508062e-03 5.196402274477814665e+00
2.803448275862069003e-02 1.068697537371147976e-03 5.214087303797092510e+00
2.972413793103448332e-02 1.070429438348137214e-03 5.229865052093322753e+00
3.141379310344827314e-02 1.071988943770595809e-03 5.244044447081095406e+00
3.310344827586206989e-02 1.073403951712429034e-03 5.256876862761872715e+00
3.479310344827585971e-02 1.074697027357256543e-03 5.268567267198442927e+00
3.648275862068965647e-02 1.075886480537428932e-03 5.279283365608670842e+00
3.817241379310344629e-02 1.076986984684367944e-03 5.289162265980857924e+00
3.986206896551724305e-02 1.078010409634474033e-03 5.298316951926501872e+00
4.155172413793103287e-02 1.078966424900829144e-03 5.306840168405285496e+00
4.324137931034482962e-02 1.079862731530237220e-03 5.314808229642444815e+00
4.493103448275861944e-02 1.080705714616552512e-03 5.322285119117518448e+00
4.662068965517241620e-02 1.081500657525178181e-03 5.329322977715559517e+00
4.831034482758620602e-02 1.082251743683957518e-03 5.335964861208900345e+00
5.000000000000000278e-02 1.082962681507057415e-03 5.342247652403677272e+00
