1.000000000000000021e-03 1.099981666758333317e-03 5.499908333791665882e+00
2.689655172413793309e-03 7.862908955269318342e-04 2.642600143593610174e+00
4.379310344827585730e-03 7.455408262077718425e-04 2.284891926143685748e+00
6.068965517241379018e-03 7.548963921404532647e-04 2.377439938051475909e+00
7.758620689655172306e-03 7.778792835810976070e-04 2.589546885007067534e+00
9.448275862068963860e-03 8.031453810025369292e-04 2.820157577882455691e+00
1.113793103448275715e-02 8.270707767648386019e-04 3.037513188987198465e+00
1.282758620689655044e-02 8.486256439815634831e-04 3.232840503113381114e+00
1.451724137931034372e-02 8.676945259073503463e-04 3.405375330436190229e+00
1.620689655172413701e-02 8.844725857123681171e-04 3.557030363822203167e+00
1.789655172413793030e-02 8.992392656006581398e-04 3.690411339148781611e+00
1.958620689655172359e-02 9.122742024607268137e-04 3.808090638095073643e+00
2.127586206896551688e-02 9.238291344856220007e-04 3.912367653547624613e+00
2.296551724137931016e-02 9.341210774621704635e-04 4.005213414462366117e+00
2.465517241379310345e-02 9.433345106272384003e-04 4.088293263488537832e+00
2.634482758620689674e-02 9.516262165692024712e-04 4.163010506261440646e+00
2.803448275862069003e-02 9.591299708810803633e-04 4.230549703168453135e+00
2.972413793103448332e-02 9.659601002207392336e-04 4.291916078921778066e+00
3.141379310344827314e-02 9.722136972844584550e-04 4.347961876348958477e+00
3.310344827586206989e-02 9.779736129957934850e-04 4.399416025075406189e+00
3.479310344827585971e-02 9.833088794209095870e-04 4.446893588005771392e+00
3.648275862068965647e-02 9.882773176129503422e-04 4.490920175357759447e+00
3.817241379310344629e-02 9.929261311379892346e-04 4.531933488488828488e+00
3.986206896551724305e-02 9.972944514108886185e-04 4.570307224733610951e+00
4.155172413793103287e-02 1.001413592457241078e-03 4.606349447412584119e+00
4.324137931034482962e-02 1.005309354592401686e-03 4.640319084946394668e+00
4.493103448275861944e-02 1.009002711676151550e-03 4.672432120404643285e+00
4.662068965517241620e-02 1.012510888643535813e-03 4.702868199712853858e+00
4.831034482758620602e-02 1.015848212954651060e-03 4.731780057778180115e+00
5.000000000000000278e-02 1.019026564857674656e-03 4.759291821537336986e+00
