1.000000000000000021e-03 1.099981666758333317e-03 5.499908333791665882e+00
2.689655172413793309e-03 8.306430373892710909e-04 3.042073231749037987e+00
4.379310344827585730e-03 8.404089736493658381e-04 3.135332443989028661e+00
6.068965517241379018e-03 8.715038930909230815e-04 3.420233824393793309e+00
7.758620689655172306e-03 9.008698186430948249e-04 3.688249313744136781e+00
9.448275862068963860e-03 9.252297561540456967e-04 3.910245393569738326e+00
1.113793103448275715e-02 9.449891722529789448e-04 4.090180823510978669e+00
1.282758620689655044e-02 9.610768347036140061e-04 4.236616347162545537e+00
1.451724137931034372e-02 9.743208671368605621e-04 4.357134819253560387e+00
1.620689655172413701e-02 9.853630895772507326e-04 4.457598857330624220e+00
1.789655172413793030e-02 9.946842094997957861e-04 4.542392835647391713e+00
1.958620689655172359e-02 1.002643081651235580e-03 4.614787634996307730e+00
2.127586206896551688e-02 1.009509712141997296e-03 4.677241650556013042e+00
2.296551724137931016e-02 1.015489979219767617e-03 4.731627387724476108e+00
2.465517241379310345e-02 1.020742947911717699e-03 4.779388946429709684e+00
2.634482758620689674e-02 1.025394432885643565e-03 4.821661990953545640e+00
2.803448275862069003e-02 1.029545064370938900e-03 4.859349884359255078e+00
2.972413793103448332e-02 1.033276643348954261e-03 4.893183510789220314e+00
3.141379310344827314e-02 1.036655789249192302e-03 4.923757045904178398e+00
3.310344827586206989e-02 1.039737444385325626e-03 4.951561173342181377e+00
3.479310344827585971e-02 1.042566426774342407e-03 4.977000870925524012e+00
3.648275862068965647e-02 1.045179439891592149e-03 5.000411175905314032e+00
3.817241379310344629e-02 1.047606202494681150e-03 5.022069223456728793e+00
3.986206896551724305e-02 1.049870914104158309e-03 5.042204601412748843e+00
4.155172413793103287e-02 1.051993072088058812e-03 5.061006771769730683e+00
4.324137931034482962e-02 1.053988648822550868e-03 5.078633621203152870e+00
4.493103448275861944e-02 1.055870512616314616e-03 5.095214305664203636e+00
4.662068965517241620e-02 1.057649386150437062e-03 5.110857382370054935e+00
4.831034482758620602e-02 1.059334020375525803e-03 5.125653162514868022e+00
5.000000000000000278e-02 1.060931826430721583e-03 5.139677075845807686e+00
