1.000000000000000021e-03 1.099981666758333317e-03 5.499908333791665882e+00
2.689655172413793309e-03 7.761837933139140774e-04 2.553517503623892626e+00
4.379310344827585730e-03 6.999069685094441154e-04 1.882729405351866170e+00
6.068965517241379018e-03 6.853286729372114021e-04 1.767982519131468866e+00
7.758620689655172306e-03 6.939122678173538852e-04 1.856154936682308909e+00
9.448275862068963860e-03 7.112373247633951932e-04 2.018482774803669333e+00
1.113793103448275715e-02 7.314687856279187151e-04 2.204063278662026004e+00
1.282758620689655044e-02 7.520457499893255402e-04 2.390990822088836065e+00
1.451724137931034372e-02 7.718289053423442892e-04 2.569722368185828110e+00
1.620689655172413701e-02 7.903453130455657298e-04 2.736430160930308553e+00
1.789655172413793030e-02 8.074446204058281003e-04 2.890018821050551967e+00
1.958620689655172359e-02 8.231321497108171677e-04 3.030692273967541261e+00
2.127586206896551688e-02 8.374853422155985327e-04 3.159239751493608583e+00
2.296551724137931016e-02 8.506118252156343561e-04 3.276681667509809603e+00
2.465517241379310345e-02 8.626290853170145859e-04 3.384093499600845600e+00
2.634482758620689674e-02 8.736550647591182980e-04 3.482526822874921990e+00
2.803448275862069003e-02 8.838028723159643005e-04 3.572968922461245089e+00
2.972413793103448332e-02 8.931784532322452515e-04 3.656330766447237757e+00
3.141379310344827314e-02 9.018782167217638535e-04 3.733438622579329458e+00
3.310344827586206989e-02 9.099881959019545186e-04 3.805034626700241507e+00
3.479310344827585971e-02 9.175833979092940830e-04 3.871776580273180279e+00
3.648275862068965647e-02 9.247275022160449803e-04 3.934239298945243934e+00
3.817241379310344629e-02 9.314738751024984314e-04 3.992920935740936983e+00
3.986206896551724305e-02 9.378666506270115586e-04 4.048248159592037432e+00
4.155172413793103287e-02 9.439417606417395976e-04 4.100583993112060455e+00
4.324137931034482962e-02 9.497282935856198429e-04 4.150233669873955478e+00
4.493103448275861944e-02 9.552501374040712383e-04 4.197454285911303984e+00
4.662068965517241620e-02 9.605267735588318570e-04 4.242462973638725821e+00
4.831034482758620602e-02 9.655740583388586684e-04 4.285439184800998724e+00
5.000000000000000278e-02 9.704055973952474502e-04 4.326537461689173192e+00
