1.000000000000000021e-03 1.099981666758333317e-03 5.499908333791665882e+00
2.689655172413793309e-03 8.054847153445194880e-04 2.814868753762376663e+00
4.379310344827585730e-03 7.933913845246587035e-04 2.712207799683326925e+00
6.068965517241379018e-03 8.171901546922484593e-04 2.932151031129962782e+00
7.758620689655172306e-03 8.459102083678740180e-04 3.194627881133030645e+00
9.448275862068963860e-03 8.722789860945906254e-04 3.434759711770091872e+00
1.113793103448275715e-02 8.949694172786070833e-04 3.641041519533911419e+00
1.282758620689655044e-02 9.141807467283726094e-04 3.815525693189993017e+00
1.451724137931034372e-02 9.304429147192503973e-04 3.963135319958051461e+00
1.620689655172413701e-02 9.442863397352725934e-04 4.088739795011502309e+00
1.789655172413793030e-02 9.561613665925810211e-04 4.196454403445545545e+00
1.958620689655172359e-02 9.664312821929329925e-04 4.289589713786419622e+00
2.127586206896551688e-02 9.753840720776766563e-04 4.370766985239730396e+00
2.296551724137931016e-02 9.832483499055148703e-04 4.442061376353839464e+00
2.465517241379310345e-02 9.902064649036461646e-04 4.505123097269151167e+00
2.634482758620689674e-02 9.964058457365486225e-04 4.561278159268847610e+00
2.803448275862069003e-02 1.001967417349973466e-03 4.611607842878609809e+00
2.972413793103448332e-02 1.006990947679538501e-03 4.656996692153541062e+00
3.141379310344827314e-02 1.011559016795160297e-03 4.698178121748392222e+00
3.310344827586206989e-02 1.015740598130060891e-03 4.735763883206439040e+00
3.479310344827585971e-02 1.019592333930771861e-03 4.770263657326973217e+00
3.648275862068965647e-02 1.023161064618116709e-03 4.802103973920566204e+00
3.817241379310344629e-02 1.026484642207752939e-03 4.831637588573009623e+00
3.986206896551724305e-02 1.029594425251338478e-03 4.859161565559523055e+00
4.155172413793103287e-02 1.032515321693327917e-03 4.884918853636794900e+00
4.324137931034482962e-02 1.035267919155754418e-03 4.909115618820702132e+00
4.493103448275861944e-02 1.037868936031112379e-03 4.931919046854988053e+00
4.662068965517241620e-02 1.040332037154085296e-03 4.953470130476241629e+00
4.831034482758620602e-02 1.042668641098518740e-03 4.973886591735995566e+00
5.000000000000000278e-02 1.044888224658585682e-03 4.993266927287813850e+00
