1.000000000000000021e-03 1.099981666758333317e-03 5.499908333791665882e+00
2.689655172413793309e-03 7.787975875097967980e-04 2.576107464735201358e+00
4.379310344827585730e-03 7.175512177015431819e-04 2.037329875012829916e+00
6.068965517241379018e-03 7.138462652669158234e-04 2.016130177108327537e+00
7.758620689655172306e-03 7.295151368473175735e-04 2.164821512135746140e+00
9.448275862068963860e-03 7.511955325056979228e-04 2.364361197608424003e+00
1.113793103448275715e-02 7.738540824387987694e-04 2.570745378593121799e+00
1.282758620689655044e-02 7.955358654782742180e-04 2.767200869357959725e+00
1.451724137931034372e-02 8.155417895329135792e-04 2.947912633965724449e+00
1.620689655172413701e-02 8.337068598496880090e-04 3.111669882293399692e+00
1.789655172413793030e-02 8.500908147632792655e-04 3.259168742548256503e+00
1.958620689655172359e-02 8.648402720766741993e-04 3.391822832803091714e+00
2.127586206896551688e-02 8.781269755817336852e-04 3.511232643923131835e+00
2.296551724137931016e-02 8.901213081352849854e-04 3.618959327167505791e+00
2.465517241379310345e-02 9.009813692190610582e-04 3.716433818752895579e+00
2.634482758620689674e-02 9.108511073234649589e-04 3.804939029555852947e+00
2.803448275862069003e-02 9.198593141034049374e-04 3.885607073221248431e+00
2.972413793103448332e-02 9.281207819659726029e-04 3.959437001636858966e+00
3.141379310344827314e-02 9.357361248294607334e-04 4.027301295726577912e+00
3.310344827586206989e-02 9.427927569080460281e-04 4.089961816994438948e+00
3.479310344827585971e-02 9.493655394569423074e-04 4.148080318791875776e+00
3.648275862068965647e-02 9.555172216077964780e-04 4.202224478062013269e+00
3.817241379310344629e-02 9.612998431443596547e-04 4.252879146413294897e+00
3.986206896551724305e-02 9.667565356673712843e-04 4.300457169046565831e+00
4.155172413793103287e-02 9.719220298200974099e-04 4.345303610237173153e+00
4.324137931034482962e-02 9.768247950134292725e-04 4.387710821463033817e+00
4.493103448275861944e-02 9.814881244920015384e-04 4.427922360484821240e+00
4.662068965517241620e-02 9.859311391109250398e-04 4.466143502319236624e+00
4.831034482758620602e-02 9.901691909740561754e-04 4.502542712302310512e+00
5.000000000000000278e-02 9.942159192471184282e-04 4.537268007932897973e+00
