1.000000000000000021e-03 1.099981666758333317e-03 5.499908333791665882e+00
2.689655172413793309e-03 8.602879076078592552e-04 3.310810812715457629e+00
4.379310344827585730e-03 8.853388098542733231e-04 3.541744665530236702e+00
6.068965517241379018e-03 9.185635572493001510e-04 3.845592926320412719e+00
7.758620689655172306e-03 9.457320804486261858e-04 4.093640297960675412e+00
9.448275862068963860e-03 9.667735662292453302e-04 4.285614980015221676e+00
1.113793103448275715e-02 9.831560748104737919e-04 4.435029471359835718e+00
1.282758620689655044e-02 9.961366450724111823e-04 4.553392024492733725e+00
1.451724137931034372e-02 1.006618818569838571e-03 4.648960348133244658e+00
1.620689655172413701e-02 1.015233854976159682e-03 4.727498614198035298e+00
1.789655172413793030e-02 1.022426404767139618e-03 4.793064625634289477e+00
1.958620689655172359e-02 1.028514475490364000e-03 4.848559993970354753e+00
2.127586206896551688e-02 1.033730000295892499e-03 4.896098690785275487e+00
2.296551724137931016e-02 1.038245795534916294e-03 4.937256262003238305e+00
2.465517241379310345e-02 1.042193175666146412e-03 4.973226308453885913e+00
2.634482758620689674e-02 1.045673942585348534e-03 5.004931332543525180e+00
2.803448275862069003e-02 1.048768698158826593e-03 5.033096606686935814e+00
2.972413793103448332e-02 1.051542235505928489e-03 5.058303189021593482e+00
3.141379310344827314e-02 1.054046786086119264e-03 5.081019158654296319e+00
3.310344827586206989e-02 1.056325075500431313e-03 5.101627351163113389e+00
3.479310344827585971e-02 1.058411832277988485e-03 5.120442596503676391e+00
3.648275862068965647e-02 1.060335266216380244e-03 5.137723043711404536e+00
3.817241379310344629e-02 1.062118330999982981e-03 5.153682259112341235e+00
3.986206896551724305e-02 1.063779272226068667e-03 5.168494586051327389e+00
4.155172413793103287e-02 1.065333427894975867e-03 5.182307221406557751e+00
4.324137931034482962e-02 1.066792570700178739e-03 5.195237375829023563e+00
4.493103448275861944e-02 1.068166803850331085e-03 5.207385824064886926e+00
4.662068965517241620e-02 1.069464240987494071e-03 5.218833686250562209e+00
4.831034482758620602e-02 1.070691526308442275e-03 5.229649408124313226e+00
5.000000000000000278e-02 1.071854381658075492e-03 5.239891450640068449e+00
