1.000000000000000021e-03 1.099981666758333317e-03 5.499908333791665882e+00
2.689655172413793309e-03 7.758819827392923621e-04 2.551637453434086211e+00
4.379310344827585730e-03 6.882205146170704410e-04 1.781308650605657684e+00
6.068965517241379018e-03 6.646924383939207051e-04 1.590431875204524559e+00
7.758620689655172306e-03 6.669296400464385082e-04 1.625227279724840379e+00
9.448275862068963860e-03 6.798682332145234613e-04 1.750674154310778885e+00
1.113793103448275715e-02 6.972152997252228836e-04 1.911902559437472116e+00
1.282758620689655044e-02 7.160395087004063630e-04 2.083935509113003626e+00
1.451724137931034372e-02 7.348982624699991820e-04 2.254727717220451400e+00
1.620689655172413701e-02 7.530823940063943213e-04 2.418493762955752580e+00
1.789655172413793030e-02 7.702642762407100989e-04 2.572659232614427527e+00
1.958620689655172359e-02 7.863195300789085603e-04 2.716340123111252058e+00
2.127586206896551688e-02 8.012324685925917333e-04 2.849540833575791243e+00
2.296551724137931016e-02 8.150444836338890248e-04 2.972718238290749326e+00
2.465517241379310345e-02 8.278262290635639460e-04 3.086547952228354763e+00
2.634482758620689674e-02 8.396633995085410907e-04 3.191799133281481460e+00
2.803448275862069003e-02 8.506471674017717548e-04 3.289263494482137951e+00
2.972413793103448332e-02 8.608689426272387278e-04 3.379717258066658570e+00
3.141379310344827314e-02 8.704161824375931857e-04 3.463899586276307119e+00
3.310344827586206989e-02 8.793689436035542891e-04 3.542492724011356842e+00
3.479310344827585971e-02 8.877987695440903160e-04 3.616120586291719619e+00
3.648275862068965647e-02 8.957672801613070267e-04 3.685337961376255134e+00
3.817241379310344629e-02 9.033263549341053042e-04 3.750632082707212600e+00
3.986206896551724305e-02 9.105191791431578151e-04 3.812426044353133481e+00
4.155172413793103287e-02 9.173806888158076442e-04 3.871081139846593633e+00
4.324137931034482962e-02 9.239394406811822242e-04 3.926904706113855337e+00
4.493103448275861944e-02 9.302183592384556231e-04 3.980154927167883550e+00
4.662068965517241620e-02 9.362362633676002020e-04 4.031050840190474993e+00
4.831034482758620602e-02 9.420084020578270651e-04 4.079774645694552504e+00
5.000000000000000278e-02 9.475477390929084838e-04 4.126481010428921792e+00
