1.000000000000000021e-03 8.799906133633706015e-04 4.399953066816853386e+00
2.689655172413793309e-03 6.209095218073395258e-04 2.042497428719356911e+00
4.379310344827585730e-03 5.598937764579776672e-04 1.505931676058914093e+00
6.068965517241379018e-03 5.482372079215313675e-04 1.414193560016587359e+00
7.758620689655172306e-03 5.551091062999336185e-04 1.484772337981764778e+00
9.448275862068963860e-03 5.689730723726015797e-04 1.614665970859822774e+00
1.113793103448275715e-02 5.851614556809202469e-04 1.763155372859176895e+00
1.282758620689655044e-02 6.016257524805796375e-04 1.912718142875410754e+00
1.451724137931034372e-02 6.174545710289694716e-04 2.055720484297553163e+00
1.620689655172413701e-02 6.322695806804815369e-04 2.189100630328934205e+00
1.789655172413793030e-02 6.459506424076347448e-04 2.311983347421948665e+00
1.958620689655172359e-02 6.585019972887252646e-04 2.424531553763483505e+00
2.127586206896551688e-02 6.699856511327715106e-04 2.527377316829976017e+00
2.296551724137931016e-02 6.804877634872542316e-04 2.621337245831539153e+00
2.465517241379310345e-02 6.901023789840608769e-04 2.707272428575576484e+00
2.634482758620689674e-02 6.989238314070095933e-04 2.786023598925293498e+00
2.803448275862069003e-02 7.070426432072693043e-04 2.858381020790912608e+00
2.972413793103448332e-02 7.145435392794794631e-04 2.925073367574784644e+00
3.141379310344827314e-02 7.215038384738182292e-04 2.986762650812567532e+00
3.310344827586206989e-02 7.279921665305924897e-04 3.044041732264210598e+00
3.479310344827585971e-02 7.340686427692469460e-04 3.097437111184546232e+00
3.648275862068965647e-02 7.397841993110222799e-04 3.147408873731593282e+00
3.817241379310344629e-02 7.451815401409886104e-04 3.194355445154674733e+00
3.986206896551724305e-02 7.502959667688289440e-04 3.238618298282921248e+00
4.155172413793103287e-02 7.551562469532966705e-04 3.280487953781498600e+00
4.324137931034482962e-02 7.597856344248630307e-04 3.320208338651292390e+00
4.493103448275861944e-02 7.642032544602529731e-04 3.357985318711010247e+00
4.662068965517241620e-02 7.684246910783166162e-04 3.393992695026652573e+00
4.831034482758620602e-02 7.724626446304703326e-04 3.428374230545444323e+00
5.000000000000000278e-02 7.763279869415399366e-04 3.461252960553435454e+00
