1.000000000000000021e-03 8.799906133633706015e-04 4.399953066816853386e+00
2.689655172413793309e-03 6.644784105905909627e-04 2.433341933109593569e+00
4.379310344827585730e-03 6.723045963000137942e-04 2.508070432824412332e+00
6.068965517241379018e-03 6.971902408840565009e-04 2.736075304686779397e+00
7.758620689655172306e-03 7.206890151343744912e-04 2.950538721100560036e+00
9.448275862068963860e-03 7.401805964636104952e-04 3.128165288269924016e+00
1.113793103448275715e-02 7.559904621932953591e-04 3.272132504086972649e+00
1.282758620689655044e-02 7.688621296446088898e-04 3.389292952047095575e+00
1.451724137931034372e-02 7.794584093329338850e-04 3.485715901385356030e+00
1.620689655172413701e-02 7.882928901412388292e-04 3.566092019615184405e+00
1.789655172413793030e-02 7.957503664983637919e-04 3.633931406018890975e+00
1.958620689655172359e-02 8.021178092979229252e-04 3.691849580567389655e+00
2.127586206896551688e-02 8.076114308725619844e-04 3.741814748674305857e+00
2.296551724137931016e-02 8.123958596243274939e-04 3.785324737355058033e+00
2.465517241379310345e-02 8.165984222970117893e-04 3.823535175817316389e+00
2.634482758620689674e-02 8.203197472289200333e-04 3.857354221288973761e+00
2.803448275862069003e-02 8.236403736022272206e-04 3.887505233057026111e+00
2.972413793103448332e-02 8.266257379207369877e-04 3.914572627063592769e+00
3.141379310344827314e-02 8.293291384803470499e-04 3.939031887506282636e+00
3.310344827586206989e-02 8.317945506618512532e-04 3.961275677520503802e+00
3.479310344827585971e-02 8.340577803814482917e-04 3.981626958917293013e+00
3.648275862068965647e-02 8.361482216774906995e-04 4.000355773648740509e+00
3.817241379310344629e-02 8.380896847157622573e-04 4.017682225411681074e+00
3.986206896551724305e-02 8.399014937041466775e-04 4.033790696586919466e+00
4.155172413793103287e-02 8.415992511445400098e-04 4.048832467601264362e+00
4.324137931034482962e-02 8.431957458215706604e-04 4.062933665718004406e+00
4.493103448275861944e-02 8.447012757327347155e-04 4.076198323016790859e+00
4.662068965517241620e-02 8.461243888845690429e-04 4.088712903904799134e+00
4.831034482758620602e-02 8.474721138609285455e-04 4.100549593462120335e+00
5.000000000000000278e-02 8.487503727543026883e-04 4.111768569825874131e+00
