1.000000000000000021e-03 8.799906133633706015e-04 4.399953066816853386e+00
2.689655172413793309e-03 6.206218410439560702e-04 2.040449684972171607e+00
4.379310344827585730e-03 5.521354492019046618e-04 1.438544970541933976e+00
6.068965517241379018e-03 5.346434133562948414e-04 1.297118599350628898e+00
7.758620689655172306e-03 5.374005907334250109e-04 1.333040322032501335e+00
9.448275862068963860e-03 5.484441781167199775e-04 1.439181548137735467e+00
1.113793103448275715e-02 5.627989020051491625e-04 1.572164115494852688e+00
1.282758620689655044e-02 5.781674221756241943e-04 1.712399258380010059e+00
1.451724137931034372e-02 5.934366536443090633e-04 1.850585176336932314e+00
1.620689655172413701e-02 6.080724202471722139e-04 1.982364645121618141e+00
1.789655172413793030e-02 6.218386401484663449e-04 2.105893339641184969e+00
1.958620689655172359e-02 6.346554554493039502e-04 2.220627204653161435e+00
2.127586206896551688e-02 6.465247357860016714e-04 2.326690378058573483e+00
2.296551724137931016e-02 6.574902414789640442e-04 2.424537784147548614e+00
2.465517241379310345e-02 6.676161550768022019e-04 2.514775401357578932e+00
2.634482758620689674e-02 6.769763109469239485e-04 2.598064218038951712e+00
2.803448275862069003e-02 6.856476052305355597e-04 2.675072361381837460e+00
2.972413793103448332e-02 6.937056139404888062e-04 2.746443657692484663e+00
3.141379310344827314e-02 7.012220417241574839e-04 2.812785325463553310e+00
3.310344827586206989e-02 7.082621373667740729e-04 2.874655233091496953e+00
3.479310344827585971e-02 7.148839064885666433e-04 2.932559766548807012e+00
3.648275862068965647e-02 7.211370794568040419e-04 2.986946420018795845e+00
3.817241379310344629e-02 7.270635890156157020e-04 3.038209067904960037e+00
3.986206896551724305e-02 7.326982072467852145e-04 3.086686744977948038e+00
4.155172413793103287e-02 7.380692151717281428e-04 3.132670618012814767e+00
4.324137931034482962e-02 7.431995337466313625e-04 3.176405846613408634e+00
4.493103448275861944e-02 7.481078788029887384e-04 3.218101146706697779e+00
4.662068965517241620e-02 7.528093582160594712e-04 3.257930640376438536e+00
4.831034482758620602e-02 7.573163628421277199e-04 3.296040637218202729e+00
5.000000000000000278e-02 7.616394133093250685e-04 3.332555140985156150e+00
