1.000000000000000021e-03 8.799906133633706015e-04 4.399953066816853386e+00
2.689655172413793309e-03 6.206572713101211154e-04 2.040505112731741733e+00
4.379310344827585730e-03 5.557084769256385483e-04 1.469513962051809397e+00
6.068965517241379018e-03 5.410213974074087754e-04 1.351917544928888937e+00
7.758620689655172306e-03 5.457838852918624846e-04 1.404675396257394349e+00
9.448275862068963860e-03 5.582283636056315206e-04 1.522575110848727542e+00
1.113793103448275715e-02 5.735168542796208278e-04 1.663429421888875215e+00
1.282758620689655044e-02 5.894636484723908337e-04 1.808572563926062138e+00
1.451724137931034372e-02 6.050483782716820557e-04 1.949464486149003140e+00
1.620689655172413701e-02 6.198102128141083937e-04 2.082354142220321780e+00
1.789655172413793030e-02 6.335685625789357371e-04 2.205859069270776018e+00
1.958620689655172359e-02 6.462846539460388208e-04 2.319778726766850152e+00
2.127586206896551688e-02 6.579900556029216882e-04 2.424486942385230215e+00
2.296551724137931016e-02 6.687496585888034507e-04 2.520618932083854791e+00
2.465517241379310345e-02 6.786428003987070821e-04 2.608908638679821035e+00
2.634482758620689674e-02 6.877539376632612039e-04 2.690110681587840613e+00
2.803448275862069003e-02 6.961670320431566795e-04 2.764955853504444949e+00
2.972413793103448332e-02 7.039624650390413803e-04 2.834132385133852239e+00
3.141379310344827314e-02 7.112150321937707204e-04 2.898277230534330950e+00
3.310344827586206989e-02 7.179919332214720678e-04 2.957967938014375964e+00
3.479310344827585971e-02 7.243524292365290714e-04 3.013722321505980073e+00
3.648275862068965647e-02 7.303470053804848004e-04 3.065995930770622824e+00
3.817241379310344629e-02 7.360181345146751819e-04 3.115186344841215149e+00
3.986206896551724305e-02 7.414009783590142693e-04 3.161634715113546434e+00
4.155172413793103287e-02 7.465241480811814689e-04 3.205632632004814297e+00
4.324137931034482962e-02 7.514108985402161807e-04 3.247426046983069359e+00
4.493103448275861944e-02 7.560801131300255414e-04 3.287222101256781936e+00
4.662068965517241620e-02 7.605472802222362381e-04 3.325195906614303976e+00
4.831034482758620602e-02 7.648249729828339449e-04 3.361492428848247727e+00
5.000000000000000278e-02 7.689239298518422494e-04 3.396236440039814397e+00
