1.000000000000000021e-03 8.799906133633706015e-04 4.399953066816853386e+00
2.689655172413793309e-03 6.207525068458274835e-04 2.041875117437286669e+00
4.379310344827585730e-03 5.490702660538186513e-04 1.412084384000129367e+00
6.068965517241379018e-03 5.289780789045446172e-04 1.248659116017676540e+00
7.758620689655172306e-03 5.298352135941716314e-04 1.268727964396115127e+00
9.448275862068963860e-03 5.395093458593212994e-04 1.363452411759160210e+00
1.113793103448275715e-02 5.529132619921576066e-04 1.488472188996305068e+00
1.282758620689655044e-02 5.676590565277029633e-04 1.623455808475875006e+00
1.451724137931034372e-02 5.825555783006581287e-04 1.758467648111072812e+00
1.620689655172413701e-02 5.970042568917966180e-04 1.888624956033257085e+00
1.789655172413793030e-02 6.107183810699393870e-04 2.011666395508741711e+00
1.958620689655172359e-02 6.235795640566919526e-04 2.126728326326208229e+00
2.127586206896551688e-02 6.355611349926698021e-04 2.233697060333702300e+00
2.296551724137931016e-02 6.466857785862161487e-04 2.332850378350321829e+00
2.465517241379310345e-02 6.570024831520272389e-04 2.424664886541819442e+00
2.634482758620689674e-02 6.665742353366614723e-04 2.509707853810622336e+00
2.803448275862069003e-02 6.754702582176854700e-04 2.588579605009491136e+00
2.972413793103448332e-02 6.837610081744759224e-04 2.661877370268737497e+00
3.141379310344827314e-02 6.915146182060318914e-04 2.730174548831363346e+00
3.310344827586206989e-02 6.987939795429950725e-04 2.794006319639691149e+00
3.479310344827585971e-02 7.056554725227504390e-04 2.853863767084656278e+00
3.648275862068965647e-02 7.121478447754084774e-04 2.910184825062830605e+00
3.817241379310344629e-02 7.183121874310326388e-04 2.963357035878689594e+00
3.986206896551724305e-02 7.241826749952264605e-04 3.013715864495618124e+00
4.155172413793103287e-02 7.297870472952547056e-04 3.061549535786715293e+00
4.324137931034482962e-02 7.351477893828868701e-04 3.107102196421509532e+00
4.493103448275861944e-02 7.402831954105588280e-04 3.150581462748171191e+00
4.662068965517241620e-02 7.452079802826572490e-04 3.192160763732597495e+00
4.831034482758620602e-02 7.499342252521406767e-04 3.231985767432181689e+00
5.000000000000000278e-02 7.544721085507543864e-04 3.270180066681864783e+00
