1.000000000000000021e-03 8.799906133633706015e-04 4.399953066816853386e+00
2.689655172413793309e-03 6.237854777672872855e-04 2.067474397705113542e+00
4.379310344827585730e-03 5.776651312184730375e-04 1.661810162847348726e+00
6.068965517241379018e-03 5.766574626203651438e-04 1.661802167940725328e+00
7.758620689655172306e-03 5.903780381150487873e-04 1.790972601854877277e+00
9.448275862068963860e-03 6.083784761106849704e-04 1.956259550104906042e+00
1.113793103448275715e-02 6.268107767190328385e-04 2.124004812187807456e+00
1.282758620689655044e-02 6.442370427278808903e-04 2.281870594377620520e+00
1.451724137931034372e-02 6.601830382694984147e-04 2.425934460552802374e+00
1.620689655172413701e-02 6.745722310688141666e-04 2.555705328017348066e+00
1.789655172413793030e-02 6.874879591721019595e-04 2.672046942090762212e+00
1.958620689655172359e-02 6.990701625689734605e-04 2.776285730143766006e+00
2.127586206896551688e-02 7.094706424720417359e-04 2.869827558963941261e+00
2.296551724137931016e-02 7.188345051098508735e-04 2.953997931995591575e+00
2.465517241379310345e-02 7.272938514205334187e-04 3.029991476164670683e+00
2.634482758620689674e-02 7.349668294532245121e-04 3.098861097528497588e+00
2.803448275862069003e-02 7.419582033854452315e-04 3.161529872487458981e+00
2.972413793103448332e-02 7.483604204309080759e-04 3.218803196306350589e+00
3.141379310344827314e-02 7.542539978296282539e-04 3.271381621445935917e+00
3.310344827586206989e-02 7.597086003765342929e-04 3.319873663544549824e+00
3.479310344827585971e-02 7.647835518930487303e-04 3.364804109693956935e+00
3.648275862068965647e-02 7.695285502526581171e-04 3.406622836165643875e+00
3.817241379310344629e-02 7.739848608825922313e-04 3.445713822909467261e+00
3.986206896551724305e-02 7.781863848911314916e-04 3.482401734194785270e+00
4.155172413793103287e-02 7.821606238920250165e-04 3.516959076614217583e+00
4.324137931034482962e-02 7.859300691985863195e-04 3.549615327553659050e+00
4.493103448275861944e-02 7.895130318137988162e-04 3.580561875330046995e+00
4.662068965517241620e-02 7.929246350014296663e-04 3.609960097733913909e+00
4.831034482758620602e-02 7.961771258608159275e-04 3.637942317613111598e+00
5.000000000000000278e-02 7.992811697155574645e-04 3.664623912470551303e+00
