1.000000000000000021e-03 8.799906133633706015e-04 4.399953066816853386e+00
2.689655172413793309e-03 6.223616557948511352e-04 2.054971584414277075e+00
4.379310344827585730e-03 5.706727889749087755e-04 1.600274950426757048e+00
6.068965517241379018e-03 5.658382046257127897e-04 1.567151534804508861e+00
7.758620689655172306e-03 5.772088486489000215e-04 1.676096936697829554e+00
9.448275862068963860e-03 5.938834900077845846e-04 1.829968839439396922e+00
1.113793103448275715e-02 6.116763669146218574e-04 1.992193689315682636e+00
1.282758620689655044e-02 6.289081721275794051e-04 2.148368693423801545e+00
1.451724137931034372e-02 6.449397128433938774e-04 2.293159100228152170e+00
1.620689655172413701e-02 6.595855689513418444e-04 2.425138373839530459e+00
1.789655172413793030e-02 6.728585198198514710e-04 2.544562680316649228e+00
1.958620689655172359e-02 6.848531188965571205e-04 2.652366150492914354e+00
2.127586206896551688e-02 6.956921747807707276e-04 2.749703826163069742e+00
2.296551724137931016e-02 7.055026161955996406e-04 2.837742301447373716e+00
2.465517241379310345e-02 7.144051750155928264e-04 2.917575911481544271e+00
2.634482758620689674e-02 7.225113617103461451e-04 2.990198288675530058e+00
2.803448275862069003e-02 7.299224046481498761e-04 3.056497705354400019e+00
2.972413793103448332e-02 7.367292019070382754e-04 3.117263718981089227e+00
3.141379310344827314e-02 7.430119801278100948e-04 3.173189832199702298e+00
3.310344827586206989e-02 7.488408062922925551e-04 3.224886039045508745e+00
3.479310344827585971e-02 7.542759003641223399e-04 3.272883559619375937e+00
3.648275862068965647e-02 7.593678448567468950e-04 3.317639814180803004e+00
3.817241379310344629e-02 7.641587175052914254e-04 3.359546834006956306e+00
3.986206896551724305e-02 7.686833356977792932e-04 3.398938566823764607e+00
4.155172413793103287e-02 7.729698009419414375e-04 3.436094855686442795e+00
4.324137931034482962e-02 7.770411262705478536e-04 3.471253051000203982e+00
4.493103448275861944e-02 7.809161356494345990e-04 3.504610927932970910e+00
4.662068965517241620e-02 7.846102316438830415e-04 3.536335386549276816e+00
4.831034482758620602e-02 7.881359589943808973e-04 3.566563405710887924e+00
5.000000000000000278e-02 7.915041651972842948e-04 3.595415293689179226e+00
