1.000000000000000021e-03 8.799906133633706015e-04 4.399953066816853386e+00
2.689655172413793309e-03 7.291146519475685209e-04 3.020517758169478650e+00
4.379310344827585730e-03 7.582413868631275719e-04 3.287370706948121502e+00
6.068965517241379018e-03 7.822335603948870871e-04 3.506779955312031571e+00
7.758620689655172306e-03 7.992567613254960603e-04 3.662376196675437345e+00
9.448275862068963860e-03 8.115322140785073170e-04 3.774551260395055952e+00
1.113793103448275715e-02 8.206894152273364442e-04 3.858221164877389420e+00
1.282758620689655044e-02 8.277427650537672087e-04 3.922663244883905609e+00
1.451724137931034372e-02 8.333260393525942188e-04 3.973672015879502695e+00
1.620689655172413701e-02 8.378477470801703672e-04 4.014980905467049332e+00
1.789655172413793030e-02 8.415803398739925322e-04 4.049080022855578775e+00
1.958620689655172359e-02 8.447116502830427425e-04 4.077685767714534393e+00
2.127586206896551688e-02 8.473749832757849262e-04 4.102015403217683875e+00
2.296551724137931016e-02 8.496673828578406133e-04 4.122955162428620923e+00
2.465517241379310345e-02 8.516612750253087097e-04 4.141165124985494828e+00
2.634482758620689674e-02 8.534120390170707232e-04 4.157148739704168428e+00
2.803448275862069003e-02 8.549630001435546897e-04 4.171296718272967219e+00
2.972413793103448332e-02 8.563485433066073257e-04 4.183918956387956634e+00
3.141379310344827314e-02 8.575961776897757282e-04 4.195262738430175276e+00
3.310344827586206989e-02 8.587282054942484708e-04 4.205528821968140818e+00
3.479310344827585971e-02 8.597626846697707746e-04 4.214880977680802054e+00
3.648275862068965647e-02 8.607142541656653476e-04 4.223453767124370373e+00
3.817241379310344629e-02 8.615946624377743713e-04 4.231356910273746053e+00
3.986206896551724305e-02 8.624134093685252144e-04 4.238680202460787250e+00
4.155172413793103287e-02 8.631782460419188622e-04 4.245499180673438566e+00
4.324137931034482962e-02 8.638952974683508906e-04 4.251873564335022060e+00
4.493103448275861944e-02 8.645696907472865539e-04 4.257855014518935555e+00
4.662068965517241620e-02 8.652056417144222359e-04 4.263485021522353868e+00
4.831034482758620602e-02 8.658065287534893410e-04 4.268798744907450704e+00
5.000000000000000278e-02 8.663752858300638937e-04 4.273824950971078174e+00
