1.000000000000000021e-03 8.799906133633706015e-04 4.399953066816853386e+00
2.689655172413793309e-03 6.289938866600944126e-04 2.113746537601511211e+00
4.379310344827585730e-03 5.964016511272855368e-04 1.827658451278379559e+00
6.068965517241379018e-03 6.038939985254648812e-04 1.901766497631619091e+00
7.758620689655172306e-03 6.222865170578598506e-04 2.071504040438116867e+00
9.448275862068963860e-03 6.425042138906235422e-04 2.256031874924810943e+00
1.113793103448275715e-02 6.616481257286382532e-04 2.429945194776880424e+00
1.282758620689655044e-02 6.788947166334927640e-04 2.586228136464574057e+00
1.451724137931034372e-02 6.941518791703263315e-04 2.724271988298595293e+00
1.620689655172413701e-02 7.075759005413625102e-04 2.845607862547133049e+00
1.789655172413793030e-02 7.193904561763343189e-04 2.952321680975734886e+00
1.958620689655172359e-02 7.298193882196754145e-04 3.046472513576838903e+00
2.127586206896551688e-02 7.390640961814657836e-04 3.129899428187872701e+00
2.296551724137931016e-02 7.472982576100334296e-04 3.204180277154232925e+00
2.465517241379310345e-02 7.546694928085988545e-04 3.270647579091978674e+00
2.634482758620689674e-02 7.613033028147831891e-04 3.330424114931535673e+00
2.803448275862069003e-02 7.673065952663329047e-04 3.384457390767579454e+00
2.972413793103448332e-02 7.727709658729750141e-04 3.433552291288480163e+00
3.141379310344827314e-02 7.777740598514775719e-04 3.478389794065839702e+00
3.310344827586206989e-02 7.823822119744269213e-04 3.519554744007460823e+00
3.479310344827585971e-02 7.866506056129682605e-04 3.557537500418848975e+00
3.648275862068965647e-02 7.906255157629251936e-04 3.592759783012631214e+00
3.817241379310344629e-02 7.943446889487704252e-04 3.625571164441754313e+00
3.986206896551724305e-02 7.978394635143912055e-04 3.656270571231016397e+00
4.155172413793103287e-02 8.011348721248182222e-04 3.685104666538981277e+00
4.324137931034482962e-02 8.042515572407274872e-04 3.712280868939167089e+00
4.493103448275861944e-02 8.072063377498826233e-04 3.737971500240747424e+00
4.662068965517241620e-02 8.100129477657143622e-04 3.762320645275505804e+00
4.831034482758620602e-02 8.126828692734280966e-04 3.785449895196029590e+00
5.000000000000000278e-02 8.152255945656657326e-04 3.807459292589531863e+00
