1.000000000000000021e-03 8.799906133633706015e-04 4.399953066816853386e+00
2.689655172413793309e-03 6.214465244442820549e-04 2.047038700219609986e+00
4.379310344827585730e-03 5.648243959678116112e-04 1.548998823181623186e+00
6.068965517241379018e-03 5.564454349087331886e-04 1.485353246946344630e+00
7.758620689655172306e-03 5.655245900012761083e-04 1.574696922931692944e+00
9.448275862068963860e-03 5.808076232523528551e-04 1.716659109585281895e+00
1.113793103448275715e-02 5.978402915104783898e-04 1.872356069923957422e+00
1.282758620689655044e-02 6.147412166128088818e-04 2.025670680934907875e+00
1.451724137931034372e-02 6.307256499904922596e-04 2.170033505705475374e+00
1.620689655172413701e-02 6.455073578692683157e-04 2.303159203364747665e+00
1.789655172413793030e-02 6.590307233486387018e-04 2.424720116822820071e+00
1.958620689655172359e-02 6.713447607053601822e-04 2.535259572412503104e+00
2.127586206896551688e-02 6.825421888464853907e-04 2.635672526004891658e+00
2.296551724137931016e-02 6.927298504513102872e-04 2.726953298316519447e+00
2.465517241379310345e-02 7.020157727880855375e-04 2.810084298098333822e+00
2.634482758620689674e-02 7.105034770274959791e-04 2.885987534286105660e+00
2.803448275862069003e-02 7.182892807930670682e-04 2.955506081869175183e+00
2.972413793103448332e-02 7.254614787957336906e-04 3.019403125235907925e+00
3.141379310344827314e-02 7.320991136035999956e-04 3.078359229075354975e+00
3.310344827586206989e-02 7.382719596314220485e-04 3.132978977676394550e+00
3.479310344827585971e-02 7.440404160055864901e-04 3.183793336160304577e+00
3.648275862068965647e-02 7.494554812868211603e-04 3.231263148009765551e+00
3.817241379310344629e-02 7.545597041953968969e-04 3.275785251150867605e+00
3.986206896551724305e-02 7.593883202467288217e-04 3.317698644337813363e+00
4.155172413793103287e-02 7.639699104002284878e-04 3.357290065262175105e+00
4.324137931034482962e-02 7.683276939065831991e-04 3.394800848525429071e+00
4.493103448275861944e-02 7.724807512065627515e-04 3.430433723210851049e+00
4.662068965517241620e-02 7.764446559557062512e-04 3.464359729950145628e+00
4.831034482758620602e-02 7.802320558861633795e-04 3.496719402095066709e+00
5.000000000000000278e-02 7.838539288460634772e-04 3.527635579851780889e+00
