1.000000000000000021e-03 8.799906133633706015e-04 4.399953066816853386e+00
2.689655172413793309e-03 6.259046299783878591e-04 2.086236958328343327e+00
4.379310344827585730e-03 5.861040111083280681e-04 1.736353445269810614e+00
6.068965517241379018e-03 5.892107703527842263e-04 1.772126881083522454e+00
7.758620689655172306e-03 6.052959979951363445e-04 1.921771353017027728e+00
9.448275862068963860e-03 6.245024741452071242e-04 2.097500704026515894e+00
1.113793103448275715e-02 6.434056074676857426e-04 2.269328078364596823e+00
1.282758620689655044e-02 6.608523290873740720e-04 2.427372190058016965e+00
1.451724137931034372e-02 6.765515930639326610e-04 2.569292897900443240e+00
1.620689655172413701e-02 6.905417540131776610e-04 2.695593150323886800e+00
1.789655172413793030e-02 7.029774683513529548e-04 2.807755605607574534e+00
1.958620689655172359e-02 7.140422832606601721e-04 2.907486271946714496e+00
2.127586206896551688e-02 7.239146861646427724e-04 2.996423606649637694e+00
2.296551724137931016e-02 7.327557262856112695e-04 3.076033355900949839e+00
2.465517241379310345e-02 7.407066053191547648e-04 3.147590566058775519e+00
2.634482758620689674e-02 7.478903245608011646e-04 3.212193601607105986e+00
2.803448275862069003e-02 7.544136678792482190e-04 3.270785674467723059e+00
2.972413793103448332e-02 7.603693888015466192e-04 3.324178642372702441e+00
3.141379310344827314e-02 7.658372190579605795e-04 3.373069033056515398e+00
3.310344827586206989e-02 7.708855325319022723e-04 3.418056466158420736e+00
3.479310344827585971e-02 7.755720927611561583e-04 3.459653951707583275e+00
3.648275862068965647e-02 7.799452349910920021e-04 3.498299808827264989e+00
3.817241379310344629e-02 7.840446230579123550e-04 3.534362490012925573e+00
3.986206896551724305e-02 7.879031898369476565e-04 3.568156119773205681e+00
4.155172413793103287e-02 7.915473190395207973e-04 3.599942354241263853e+00
4.324137931034482962e-02 7.949987587813385362e-04 3.629939958226572561e+00
4.493103448275861944e-02 7.982751577287240533e-04 3.658332812233902054e+00
4.662068965517241620e-02 8.013910489692045985e-04 3.685273860150307446e+00
4.831034482758620602e-02 8.043584361057035505e-04 3.710891727973758325e+00
5.000000000000000278e-02 8.071874491478245187e-04 3.735294088951964131e+00
