1.000000000000000021e-03 8.799906133633706015e-04 4.399953066816853386e+00
2.689655172413793309e-03 6.334709787949098329e-04 2.153794454646326351e+00
4.379310344827585730e-03 6.091323426830521498e-04 1.940966787766354784e+00
6.068965517241379018e-03 6.212232760136066761e-04 2.055480169297966064e+00
7.758620689655172306e-03 6.417510109517595481e-04 2.243912669459640519e+00
9.448275862068963860e-03 6.626801062338441139e-04 2.434647168043075904e+00
1.113793103448275715e-02 6.817548385338030679e-04 2.607921106128493705e+00
1.282758620689655044e-02 6.985233667554527695e-04 2.759974505554864344e+00
1.451724137931034372e-02 7.131025647148038537e-04 2.892030675224270375e+00
1.620689655172413701e-02 7.257642972403574892e-04 3.006635780176157180e+00
1.789655172413793030e-02 7.367958411467688236e-04 3.106435292555732364e+00
1.958620689655172359e-02 7.464552144364749054e-04 3.193788966063995538e+00
2.127586206896551688e-02 7.549613790433347621e-04 3.270691512376567189e+00
2.296551724137931016e-02 7.624961569053721440e-04 3.338792979478147238e+00
2.465517241379310345e-02 7.692100878030210280e-04 3.399453087949489305e+00
2.634482758620689674e-02 7.752282893016457753e-04 3.453793875929858981e+00
2.803448275862069003e-02 7.806556788235555254e-04 3.502747326425732499e+00
2.972413793103448332e-02 7.855807970022501367e-04 3.547095774511253019e+00
3.141379310344827314e-02 7.900778553537419688e-04 3.587492180585146961e+00
3.310344827586206989e-02 7.942097543963755942e-04 3.624493070485041990e+00
3.479310344827585971e-02 7.980285165083285089e-04 3.658563081660225702e+00
3.648275862068965647e-02 8.015774853676479149e-04 3.690096544813106227e+00
3.817241379310344629e-02 8.048919860245315168e-04 3.719421904298248815e+00
3.986206896551724305e-02 8.080011923857903814e-04 3.746816397828337308e+00
4.155172413793103287e-02 8.109284508141668523e-04 3.772509335346986514e+00
4.324137931034482962e-02 8.136929674213600090e-04 3.796692677184680509e+00
4.493103448275861944e-02 8.163104634725045113e-04 3.819526249733590451e+00
4.662068965517241620e-02 8.187936685008026256e-04 3.841142602418744278e+00
4.831034482758620602e-02 8.211533169544349507e-04 3.861654700605624768e+00
5.000000000000000278e-02 8.233982361157040622e-04 3.881153929067293618e+00
