1.000000000000000021e-03 8.799906133633706015e-04 4.399953066816853386e+00
2.689655172413793309e-03 6.399982456204918483e-04 2.212399497404951898e+00
4.379310344827585730e-03 6.251165961276748890e-04 2.083786065740426796e+00
6.068965517241379018e-03 6.418814641459244562e-04 2.239577983825298713e+00
7.758620689655172306e-03 6.641901948579096967e-04 2.443675745832163404e+00
9.448275862068963860e-03 6.853849872676321580e-04 2.636699681018594088e+00
1.113793103448275715e-02 7.039771886554592548e-04 2.805659116495811123e+00
1.282758620689655044e-02 7.199190673110617434e-04 2.950359209776284075e+00
1.451724137931034372e-02 7.335358085361253161e-04 3.073862443163521085e+00
1.620689655172413701e-02 7.452056760649665738e-04 3.179654914842380276e+00
1.789655172413793030e-02 7.552686919220910405e-04 3.270848911777457513e+00
1.958620689655172359e-02 7.640077579351470770e-04 3.350024725416399285e+00
2.127586206896551688e-02 7.716519776095879428e-04 3.419267108851371528e+00
2.296551724137931016e-02 7.783856534511793789e-04 3.480248859128067362e+00
2.465517241379310345e-02 7.843575626270353051e-04 3.534315098775313135e+00
2.634482758620689674e-02 7.896891254652110229e-04 3.582557237724853572e+00
2.803448275862069003e-02 7.944804974126376323e-04 3.625868246007229345e+00
2.972413793103448332e-02 7.988150647365138126e-04 3.664986748867221422e+00
3.141379310344827314e-02 8.027620677559067297e-04 3.700526296177105934e+00
3.310344827586206989e-02 8.063795946717625422e-04 3.733001165622983564e+00
3.479310344827585971e-02 8.097155270108374447e-04 3.762841280298781399e+00
3.648275862068965647e-02 8.128094799448954072e-04 3.790407247896581122e+00
3.817241379310344629e-02 8.156936226225592343e-04 3.815998592882104745e+00
3.986206896551724305e-02 8.183945199825048197e-04 3.839867226119263233e+00
4.155172413793103287e-02 8.209333696800867088e-04 3.862220613402422842e+00
4.324137931034482962e-02 8.233276374761452215e-04 3.883232767744152714e+00
4.493103448275861944e-02 8.255915579395315751e-04 3.903047621526137601e+00
4.662068965517241620e-02 8.277367429981557622e-04 3.921785042358398421e+00
4.831034482758620602e-02 8.297728967024513291e-04 3.939545545296176066e+00
5.000000000000000278e-02 8.317080632607330368e-04 3.956412728664237655e+00
