1.000000000000000021e-03 8.799906133633706015e-04 4.399953066816853386e+00
2.689655172413793309e-03 6.881985340585366519e-04 2.648365667374159571e+00
4.379310344827585730e-03 7.082542893453657677e-04 2.833247021104876584e+00
6.068965517241379018e-03 7.348430622324476002e-04 3.076402627006417756e+00
7.758620689655172306e-03 7.565827106409095089e-04 3.274881089153229397e+00
9.448275862068963860e-03 7.734185944281506912e-04 3.428482899410260742e+00
1.113793103448275715e-02 7.865262148642977518e-04 3.548027248931388655e+00
1.282758620689655044e-02 7.969117187317641821e-04 3.642725408783676233e+00
1.451724137931034372e-02 8.052980301906767545e-04 3.719184012071305112e+00
1.620689655172413701e-02 8.121905839807284271e-04 3.782018383785133331e+00
1.789655172413793030e-02 8.179449869092744914e-04 3.834473794907552247e+00
1.958620689655172359e-02 8.228156218591615653e-04 3.878870429930606711e+00
2.127586206896551688e-02 8.269882573151724967e-04 3.916903267967737801e+00
2.296551724137931016e-02 8.306010378536108013e-04 3.949830139505886795e+00
2.465517241379310345e-02 8.337590480910773419e-04 3.978606713414614582e+00
2.634482758620689674e-02 8.365437296522230037e-04 4.003970864107163408e+00
2.803448275862069003e-02 8.390196536371881961e-04 4.026503749564501078e+00
2.972413793103448332e-02 8.412385173975695700e-04 4.046669163520215662e+00
3.141379310344827314e-02 8.432422050051025355e-04 4.064842150356467343e+00
3.310344827586206989e-02 8.450648808928090802e-04 4.081328796636451983e+00
3.479310344827585971e-02 8.467343130078093701e-04 4.096381066890018019e+00
3.648275862068965647e-02 8.482731006789796671e-04 4.110205587717147502e+00
3.817241379310344629e-02 8.496995064285576020e-04 4.122972434511883222e+00
3.986206896551724305e-02 8.510283620400222945e-04 4.134822876557411320e+00
4.155172413793103287e-02 8.522717028327341090e-04 4.145872904918671331e+00
4.324137931034482962e-02 8.534390332026167616e-04 4.156216992290439727e+00
4.493103448275861944e-02 8.545384193982172825e-04 4.165935667646106566e+00
4.662068965517241620e-02 8.555763734044018361e-04 4.175094148592964238e+00
4.831034482758620602e-02 8.565582339242185312e-04 4.183746574170021937e+00
5.000000000000000278e-02 8.574885371210259335e-04 4.191940098384759672e+00
