1.000000000000000021e-03 8.799906133633706015e-04 4.399953066816853386e+00
2.689655172413793309e-03 6.496794372431381921e-04 2.299610415241451378e+00
4.379310344827585730e-03 6.455617322577651739e-04 2.267190346344316598e+00
6.068965517241379018e-03 6.667857370720506717e-04 2.462559955327433325e+00
7.758620689655172306e-03 6.902353595423723091e-04 2.676706110301242614e+00
9.448275862068963860e-03 7.110460839073718363e-04 2.866235888063745296e+00
1.113793103448275715e-02 7.286081785704683631e-04 3.025966462104360044e+00
1.282758620689655044e-02 7.432871944150973298e-04 3.159373262895060375e+00
1.451724137931034372e-02 7.555993946361482232e-04 3.271216514240569584e+00
1.620689655172413701e-02 7.660086393255090796e-04 3.365743406793516357e+00
1.789655172413793030e-02 7.748905484703816089e-04 3.446382360791946819e+00
1.958620689655172359e-02 7.825394720171380053e-04 3.515815673488039916e+00
2.127586206896551688e-02 7.891846325849513925e-04 3.576128922807638499e+00
2.296551724137931016e-02 7.950052761458409984e-04 3.628950027218767360e+00
2.465517241379310345e-02 8.001427777001390938e-04 3.675560508235782287e+00
2.634482758620689674e-02 8.047108069887712019e-04 3.716983127518979302e+00
2.803448275862069003e-02 8.088015402252904428e-04 3.754042554440738755e+00
2.972413793103448332e-02 8.124907640583956762e-04 3.787413563794108651e+00
3.141379310344827314e-02 8.158408938518955716e-04 3.817650845242750446e+00
3.310344827586206989e-02 8.189037551114434826e-04 3.845215644203639371e+00
3.479310344827585971e-02 8.217217822703769227e-04 3.870488875012727981e+00
3.648275862068965647e-02 8.243301316306184774e-04 3.893792524204779948e+00
3.817241379310344629e-02 8.267570506956599223e-04 3.915388867637211945e+00
3.986206896551724305e-02 8.290257347573173246e-04 3.935498807216014416e+00
4.155172413793103287e-02 8.311551014566560987e-04 3.954305509657690898e+00
4.324137931034482962e-02 8.331602596758564457e-04 3.971959754778988216e+00
4.493103448275861944e-02 8.350537683132268308e-04 3.988587478085698024e+00
4.662068965517241620e-02 8.368457641761652870e-04 4.004292744543763050e+00
4.831034482758620602e-02 8.385447564325967766e-04 4.019163336461849312e+00
5.000000000000000278e-02 8.401578592146264355e-04 4.033272451092809519e+00
