1.000000000000000021e-03 5.756955186723822400e-03 2.878477593361910891e+01
2.689655172413793309e-03 4.136622956245946531e-03 1.400533698869434218e+01
4.379310344827585730e-03 3.919931057508861151e-03 1.209797795001453480e+01
6.068965517241379018e-03 3.965468950152838123e-03 1.255168421476769858e+01
7.758620689655172306e-03 4.083151446695442062e-03 1.363982261214737335e+01
9.448275862068963860e-03 4.213440237023373738e-03 1.483091024529481849e+01
1.113793103448275715e-02 4.337202960046342842e-03 1.595692948134956346e+01
1.282758620689655044e-02 4.448917355968303594e-03 1.697070287271785460e+01
1.451724137931034372e-02 4.547879484969482439e-03 1.786733841511717813e+01
1.620689655172413701e-02 4.635038200937338128e-03 1.865621322761031209e+01
1.789655172413793030e-02 4.711805058215663526e-03 1.935053404496278517e+01
1.958620689655172359e-02 4.779607887765351636e-03 1.996346277173747552e+01
2.127586206896551688e-02 4.839738251871788730e-03 2.050681754556524083e+01
2.296551724137931016e-02 4.893314101875863818e-03 2.099076992997568780e+01
2.465517241379310345e-02 4.941288262418423206e-03 2.142393173993576383e+01
2.634482758620689674e-02 4.984471759428473099e-03 2.181357217039474250e+01
2.803448275862069003e-02 5.023557637703992586e-03 2.216583738922665958e+01
2.972413793103448332e-02 5.059138924189567239e-03 2.248595129096851863e+01
3.141379310344827314e-02 5.091720460791160537e-03 2.277834550489307475e+01
3.310344827586206989e-02 5.121731056895980141e-03 2.304680338081819713e+01
3.479310344827585971e-02 5.149531093083812086e-03 2.329454267887009777e+01
3.648275862068965647e-02 5.175420271076446900e-03 2.352428712279944278e+01
3.817241379310344629e-02 5.199645011288334118e-03 2.373833224135887221e+01
3.986206896551724305e-02 5.222407688762356268e-03 2.393860653292429319e+01
4.155172413793103287e-02 5.243872246297374973e-03 2.412673022619345176e+01
4.324137931034482962e-02 5.264172223030568962e-03 2.430404263001913279e+01
4.493103448275861944e-02 5.283416997192182975e-03 2.447166832437584105e+01
4.662068965517241620e-02 5.301696300764784445e-03 2.463054899953182542e+01
4.831034482758620602e-02 5.319084637286637489e-03 2.478146990025129170e+01
5.000000000000000278e-02 5.335643968755316574e-03 2.492508618058774061e+01
