1.000000000000000021e-03 5.756955186723822400e-03 2.878477593361910891e+01
2.689655172413793309e-03 4.096984722113495431e-03 1.365252700906063943e+01
4.379310344827585730e-03 3.773579799317017952e-03 1.080054972409470615e+01
6.068965517241379018e-03 3.751176261150517607e-03 1.066158166703637988e+01
7.758620689655172306e-03 3.830899801382492507e-03 1.142027288117086492e+01
9.448275862068963860e-03 3.942597390115769491e-03 1.245021993993638709e+01
1.113793103448275715e-02 4.059789572795213450e-03 1.351940980791110292e+01
1.282758620689655044e-02 4.172160184820128230e-03 1.453913639749858966e+01
1.451724137931034372e-02 4.275985603664884081e-03 1.547834423792215119e+01
1.620689655172413701e-02 4.370351293660775134e-03 1.633023799886302641e+01
1.789655172413793030e-02 4.455528782977963113e-03 1.709811032009962517e+01
1.958620689655172359e-02 4.532254651983884733e-03 1.778909801649130884e+01
2.127586206896551688e-02 4.601404894002916746e-03 1.841138805091919295e+01
2.296551724137931016e-02 4.663851962088125420e-03 1.897299837044079496e+01
2.465517241379310345e-02 4.720411232600392817e-03 1.948131648792329074e+01
2.634482758620689674e-02 4.771825183630104550e-03 1.994297062458782577e+01
2.803448275862069003e-02 4.818760864109187907e-03 2.036383456222152688e+01
2.972413793103448332e-02 4.861812513369602982e-03 2.074908556237983959e+01
3.141379310344827314e-02 4.901502190756998160e-03 2.110325902750431126e+01
3.310344827586206989e-02 4.938283700725740362e-03 2.143031808417306294e+01
3.479310344827585971e-02 4.972545991732797536e-03 2.173370635545528984e+01
3.648275862068965647e-02 5.004614619246988000e-03 2.201637593519809499e+01
3.817241379310344629e-02 5.034760765362074168e-03 2.228085624171359314e+01
3.986206896551724305e-02 5.063208133442272454e-03 2.252929207586704763e+01
4.155172413793103287e-02 5.090137903261079434e-03 2.276348780682921102e+01
4.324137931034482962e-02 5.115697643655809854e-03 2.298495722730638846e+01
4.493103448275861944e-02 5.140008620482574772e-03 2.319497322420077623e+01
4.662068965517241620e-02 5.163170229218269278e-03 2.339459798680058356e+01
4.831034482758620602e-02 5.185262616555622039e-03 2.358471500474618310e+01
5.000000000000000278e-02 5.206356701407502917e-03 2.376608730204769415e+01
