1.000000000000000021e-03 5.756955186723822400e-03 2.878477593361910891e+01
2.689655172413793309e-03 4.082855481646252213e-03 1.352971067930596583e+01
4.379310344827585730e-03 3.681055477136189417e-03 9.987695097199329908e+00
6.068965517241379018e-03 3.601947212739277891e-03 9.359972246084158343e+00
7.758620689655172306e-03 3.644838108154925191e-03 9.803644278467603002e+00
9.448275862068963860e-03 3.733948611071340618e-03 1.064047473579437764e+01
1.113793103448275715e-02 3.838572469138323406e-03 1.160193030465009301e+01
1.282758620689655044e-02 3.945231681430064717e-03 1.257245155117099955e+01
1.451724137931034372e-02 4.047918011069945483e-03 1.350160354109686622e+01
1.620689655172413701e-02 4.144123003744393241e-03 1.436903216336312461e+01
1.789655172413793030e-02 4.233031353818690438e-03 1.516875242125337309e+01
1.958620689655172359e-02 4.314647194026821966e-03 1.590162749636151318e+01
2.127586206896551688e-02 4.389356770245454731e-03 1.657163571617354592e+01
2.296551724137931016e-02 4.457708834898074617e-03 1.718399229060726796e+01
2.465517241379310345e-02 4.520305082865278511e-03 1.774422743298190497e+01
2.634482758620689674e-02 4.577753237155094551e-03 1.825776520213599596e+01
2.803448275862069003e-02 4.630637851046464151e-03 1.872971848358325531e+01
2.972413793103448332e-02 4.679506876543590259e-03 1.916480934735814756e+01
3.141379310344827314e-02 4.724860466640002678e-03 1.956732852399712996e+01
3.310344827586206989e-02 4.767144849451145777e-03 1.994113246864911915e+01
3.479310344827585971e-02 4.806749024869085875e-03 2.028964288075965783e+01
3.648275862068965647e-02 4.844003916113719978e-03 2.061585084334399909e+01
3.817241379310344629e-02 4.879186711212408177e-03 2.092234781140916056e+01
3.986206896551724305e-02 4.912526807693456780e-03 2.121135917146170158e+01
4.155172413793103287e-02 4.944210265008777173e-03 2.148476465071072283e+01
4.324137931034482962e-02 4.974389599810277902e-03 2.174416877785641589e+01
4.493103448275861944e-02 5.003187699484784416e-03 2.199089432320912607e+01
4.662068965517241620e-02 5.030706592429257801e-03 2.222607695081632073e+01
4.831034482758620602e-02 5.057028032574678936e-03 2.245064400292936213e+01
5.000000000000000278e-02 5.082223536106356652e-03 2.266540265046946701e+01
