1.000000000000000021e-03 5.756955186723822400e-03 2.878477593361910891e+01
2.689655172413793309e-03 4.237083809465799072e-03 1.490898419669007247e+01
4.379310344827585730e-03 4.169174149459027069e-03 1.432813914266544053e+01
6.068965517241379018e-03 4.289701900528150244e-03 1.544415171632344119e+01
7.758620689655172306e-03 4.437213695179343526e-03 1.679432312756349788e+01
9.448275862068963860e-03 4.573313475828784218e-03 1.803548255685440793e+01
1.113793103448275715e-02 4.690748774798143839e-03 1.910454311152258811e+01
1.282758620689655044e-02 4.790355094626482478e-03 2.001039492865503533e+01
1.451724137931034372e-02 4.874774552761302129e-03 2.077765464217216262e+01
1.620689655172413701e-02 4.946700206193437380e-03 2.143109217623965179e+01
1.789655172413793030e-02 5.008438263424630672e-03 2.199181583824876896e+01
1.958620689655172359e-02 5.061855774267854345e-03 2.247686867847849257e+01
2.127586206896551688e-02 5.108438916248352231e-03 2.289979038517799381e+01
2.296551724137931016e-02 5.149368457430439534e-03 2.327131868649146540e+01
2.465517241379310345e-02 5.185588671216594982e-03 2.360000668089941200e+01
2.634482758620689674e-02 5.217864188982041830e-03 2.389274337164793494e+01
2.803448275862069003e-02 5.246821596510038016e-03 2.415513329678955756e+01
2.972413793103448332e-02 5.272979753434849787e-03 2.439178959346219600e+01
3.141379310344827314e-02 5.296767644385299428e-03 2.460652179380288018e+01
3.310344827586206989e-02 5.318543667852237283e-03 2.480251730836337742e+01
3.479310344827585971e-02 5.338602798996632329e-03 2.498243402957024983e+01
3.648275862068965647e-02 5.357187929858945284e-03 2.514848610999623801e+01
3.817241379310344629e-02 5.374496530824542616e-03 2.530251878239215557e+01
3.986206896551724305e-02 5.390691738169618719e-03 2.544607621062474934e+01
4.155172413793103287e-02 5.405903044057461769e-03 2.558042856510579455e+01
4.324137931034482962e-02 5.420237705046479157e-03 2.570664083207045891e+01
4.493103448275861944e-02 5.433782421520124209e-03 2.582558964511566302e+01
4.662068965517241620e-02 5.446608498275430817e-03 2.593800815168521723e+01
4.831034482758620602e-02 5.458775545584651154e-03 2.604451249722988848e+01
5.000000000000000278e-02 5.470332703321830956e-03 2.614560779329885065e+01
