1.000000000000000021e-03 5.756955186723822400e-03 2.878477593361910891e+01
2.689655172413793309e-03 4.080878065928225142e-03 1.351597359188293623e+01
4.379310344827585730e-03 3.619634396258546421e-03 9.453039605542329582e+00
6.068965517241379018e-03 3.493760677254094654e-03 8.426667822319258150e+00
7.758620689655172306e-03 3.503589594076860717e-03 8.591859626727343269e+00
9.448275862068963860e-03 3.569916855736747323e-03 9.236952235035234438e+00
1.113793103448275715e-02 3.659589161079767998e-03 1.007211809628066845e+01
1.282758620689655044e-02 3.757175612239082099e-03 1.096554582146061030e+01
1.451724137931034372e-02 3.855087790024407969e-03 1.185372637336022628e+01
1.620689655172413701e-02 3.949588233732120000e-03 1.270610443199193718e+01
1.789655172413793030e-02 4.038943825467954107e-03 1.350903127592141040e+01
1.958620689655172359e-02 4.122488184125030868e-03 1.425774019800420511e+01
2.127586206896551688e-02 4.200124007269963669e-03 1.495213017299457192e+01
2.296551724137931016e-02 4.272056404515946551e-03 1.559450036790071792e+01
2.465517241379310345e-02 4.338645604246054582e-03 1.618830739244442540e+01
2.634482758620689674e-02 4.400330483031372752e-03 1.673750744652918954e+01
2.803448275862069003e-02 4.457581946806286541e-03 1.724619397480863725e+01
2.972413793103448332e-02 4.510872270146567414e-03 1.771838586962235595e+01
3.141379310344827314e-02 4.560654365694637689e-03 1.815792056500957941e+01
3.310344827586206989e-02 4.607343520380785193e-03 1.856834530817848261e+01
3.479310344827585971e-02 4.651311094156593100e-03 1.895290288773957244e+01
3.648275862068965647e-02 4.692876306747242529e-03 1.931447728739436087e+01
3.817241379310344629e-02 4.732308789913365794e-03 1.965560544009528243e+01
3.986206896551724305e-02 4.769832500208051086e-03 1.997849051538316445e+01
4.155172413793103287e-02 4.805628960223286457e-03 2.028500670628765334e+01
4.324137931034482962e-02 4.839846419107993181e-03 2.057675706279898620e+01
4.493103448275861944e-02 4.872603957845142268e-03 2.085508153534495435e+01
4.662068965517241620e-02 4.903999169213571138e-03 2.112111851503960125e+01
4.831034482758620602e-02 4.934111463006627535e-03 2.137581425578277461e+01
5.000000000000000278e-02 4.963008155003462846e-03 2.161996961955449237e+01
