1.000000000000000021e-03 5.756955186723822400e-03 2.878477593361910891e+01
2.689655172413793309e-03 4.521236424873281180e-03 1.748483802796677011e+01
4.379310344827585730e-03 4.645807356998187150e-03 1.863517834176524701e+01
6.068965517241379018e-03 4.815777318323055667e-03 2.019168407639796214e+01
7.758620689655172306e-03 4.955783779369777979e-03 2.147157064456847309e+01
9.448275862068963860e-03 5.064612442847287073e-03 2.246572274787932599e+01
1.113793103448275715e-02 5.149524000215922707e-03 2.324110257953185510e+01
1.282758620689655044e-02 5.216891877561959275e-03 2.385614659891369982e+01
1.451724137931034372e-02 5.271339342913627934e-03 2.435316572421346493e+01
1.620689655172413701e-02 5.316115059468828029e-03 2.476185787270469518e+01
1.789655172413793030e-02 5.353511461182765621e-03 2.510317454726164144e+01
1.958620689655172359e-02 5.385173907889600348e-03 2.539214347019574802e+01
2.127586206896551688e-02 5.412303582113942371e-03 2.563973190466434104e+01
2.296551724137931016e-02 5.435796898047216136e-03 2.585411599292865148e+01
2.465517241379310345e-02 5.456334911567268034e-03 2.604149828744129636e+01
2.634482758620689674e-02 5.474446209158347759e-03 2.620666958231469224e+01
2.803448275862069003e-02 5.490549761529131371e-03 2.635340846037006912e+01
2.972413793103448332e-02 5.504982332935762571e-03 2.648473898314350805e+01
3.141379310344827314e-02 5.518015381242955854e-03 2.660309561407371248e+01
3.310344827586206989e-02 5.529871231888974607e-03 2.671047410834101399e+01
3.479310344827585971e-02 5.540730354865575948e-03 2.680851235538471755e+01
3.648275862068965647e-02 5.550739590531740542e-03 2.689855735529857128e+01
3.817241379310344629e-02 5.560018169297285297e-03 2.698171936884989464e+01
3.986206896551724305e-02 5.568662062554930250e-03 2.705891273625762850e+01
4.155172413793103287e-02 5.576748813016214543e-03 2.713089221960970221e+01
4.324137931034482962e-02 5.584341959150558934e-03 2.719828005905386092e+01
4.493103448275861944e-02 5.591492874452430595e-03 2.726159220876750666e+01
4.662068965517241620e-02 5.598243987094508704e-03 2.732125840043569553e+01
4.831034482758620602e-02 5.604630181951533903e-03 2.737763003019388464e+01
5.000000000000000278e-02 5.610680584538220612e-03 2.743100829561114651e+01
