1.000000000000000021e-03 9.587131702242396650e-03 4.793565851121199017e+01
2.689655172413793309e-03 6.864831923703292732e-03 2.306598698771515643e+01
4.379310344827585730e-03 6.091346522614947932e-03 1.621720540867053373e+01
6.068965517241379018e-03 5.874866217474242029e-03 1.443167868199583204e+01
7.758620689655172306e-03 5.887205873182720962e-03 1.466516035337994417e+01
9.448275862068963860e-03 5.995327610366867239e-03 1.571691931584875412e+01
1.113793103448275715e-02 6.143204881350864018e-03 1.709480579371853537e+01
1.282758620689655044e-02 6.304749107880021873e-03 1.857488768174733806e+01
1.451724137931034372e-02 6.467128672886164262e-03 2.004925314711301354e+01
1.620689655172413701e-02 6.624009587035922623e-03 2.146584742915856125e+01
1.789655172413793030e-02 6.772435610002939914e-03 2.280121682345068379e+01
1.958620689655172359e-02 6.911248935873887111e-03 2.404695502274452323e+01
2.127586206896551688e-02 7.040255794506310172e-03 2.520257524354254031e+01
2.296551724137931016e-02 7.159774101772112265e-03 2.627168632760916722e+01
2.465517241379310345e-02 7.270389268908426274e-03 2.725990786945189015e+01
2.634482758620689674e-02 7.372822538099206048e-03 2.817374176476270264e+01
2.803448275862069003e-02 7.467850969207000082e-03 2.901995449706295815e+01
2.972413793103448332e-02 7.556256901848448261e-03 2.980522441896517449e+01
3.141379310344827314e-02 7.638790265038974611e-03 3.053592509268959887e+01
3.310344827586206989e-02 7.716141836473714224e-03 3.121798350170584868e+01
3.479310344827585971e-02 7.788928270526357042e-03 3.185680142676918081e+01
3.648275862068965647e-02 7.857681182302031150e-03 3.245719711896165194e+01
3.817241379310344629e-02 7.922849826522209218e-03 3.302340457693349407e+01
3.986206896551724305e-02 7.984807977341606966e-03 3.355909070887983603e+01
4.155172413793103287e-02 8.043859887766301869e-03 3.406739013360612489e+01
4.324137931034482962e-02 8.100254419516875540e-03 3.455096825816588080e+01
4.493103448275861944e-02 8.154192536527443344e-03 3.501206448377776326e+01
4.662068965517241620e-02 8.205839448799243790e-03 3.545256885429501637e+01
4.831034482758620602e-02 8.255329953458552181e-03 3.587405663744929996e+01
5.000000000000000278e-02 8.302779469671551366e-03 3.627787079964602412e+01
