1.000000000000000021e-03 9.587131702242396650e-03 4.793565851121199017e+01
2.689655172413793309e-03 7.131651838369169362e-03 2.545877907868933931e+01
4.379310344827585730e-03 7.009123766667161963e-03 2.439656056877658230e+01
6.068965517241379018e-03 7.201041555032823560e-03 2.617659931312120847e+01
7.758620689655172306e-03 7.440617904631209416e-03 2.837377457607155407e+01
9.448275862068963860e-03 7.662986222487128650e-03 3.040601435808307329e+01
1.113793103448275715e-02 7.855339399675894188e-03 3.216108644365034763e+01
1.282758620689655044e-02 8.018643280652994546e-03 3.364981172485471461e+01
1.451724137931034372e-02 8.157060577493461737e-03 3.491103144409230907e+01
1.620689655172413701e-02 8.274948524914789438e-03 3.598486887112524357e+01
1.789655172413793030e-02 8.376072225304266594e-03 3.690583208293973172e+01
1.958620689655172359e-02 8.463496482205739788e-03 3.770193836311564439e+01
2.127586206896551688e-02 8.539667240290963260e-03 3.839551335168663115e+01
2.296551724137931016e-02 8.606532280279841074e-03 3.900429345369228429e+01
2.465517241379310345e-02 8.665649542554613310e-03 3.954242455289161029e+01
2.634482758620689674e-02 8.718280571024585382e-03 4.002129725522377157e+01
2.803448275862069003e-02 8.765458790758247354e-03 4.045017975210702588e+01
2.972413793103448332e-02 8.808039528457729112e-03 4.083670253910871395e+01
3.141379310344827314e-02 8.846729260568486283e-03 4.118716183727359237e+01
3.310344827586206989e-02 8.882117798163819897e-03 4.150682544120665085e+01
3.479310344827585971e-02 8.914690037849551038e-03 4.180007259028997169e+01
3.648275862068965647e-02 8.944845719812216656e-03 4.207056705723208268e+01
3.817241379310344629e-02 8.972908939974549511e-03 4.232133899567497082e+01
3.986206896551724305e-02 8.999147909257782657e-03 4.255493551335179347e+01
4.155172413793103287e-02 9.023775501455874593e-03 4.277344407019183592e+01
4.324137931034482962e-02 9.046968054017971370e-03 4.297861406729238354e+01
4.493103448275861944e-02 9.068868317254889788e-03 4.317188662449903092e+01
4.662068965517241620e-02 9.089593686739271330e-03 4.335446450405258645e+01
4.831034482758620602e-02 9.109242366854376771e-03 4.352735744960826025e+01
5.000000000000000278e-02 9.127895414436676402e-03 4.369139648149395327e+01
