1.000000000000000021e-03 9.587131702242396650e-03 4.793565851121199017e+01
2.689655172413793309e-03 6.963030597996734856e-03 2.393548902257137101e+01
4.379310344827585730e-03 6.595345890570791444e-03 2.067912071610030722e+01
6.068965517241379018e-03 6.663724208619256628e-03 2.136388804874852099e+01
7.758620689655172306e-03 6.854460740748691272e-03 2.313014029168098773e+01
9.448275862068963860e-03 7.067732976932660817e-03 2.508325977984375044e+01
1.113793103448275715e-02 7.271111411000471744e-03 2.693718670547359650e+01
1.282758620689655044e-02 7.455032446876117165e-03 2.860965440570317853e+01
1.451724137931034372e-02 7.618094082584025289e-03 3.009031066994818104e+01
1.620689655172413701e-02 7.761737649963032504e-03 3.139347437326599888e+01
1.789655172413793030e-02 7.888231014725488946e-03 3.254038220927306924e+01
1.958620689655172359e-02 7.999903967998270998e-03 3.355252280047827185e+01
2.127586206896551688e-02 8.098878845311789643e-03 3.444933210841548998e+01
2.296551724137931016e-02 8.187000770044413483e-03 3.524761280154156395e+01
2.465517241379310345e-02 8.265845706659044612e-03 3.596162767545251171e+01
2.634482758620689674e-02 8.336757183044168559e-03 3.660343379305006550e+01
2.803448275862069003e-02 8.400884614465857492e-03 3.718325260801545085e+01
2.972413793103448332e-02 8.459210037159724943e-03 3.770975817876180258e+01
3.141379310344827314e-02 8.512571001190126149e-03 3.819032912276103531e+01
3.310344827586206989e-02 8.561676914130738822e-03 3.863124923088081886e+01
3.479310344827585971e-02 8.607124995559278097e-03 3.903786453426597092e+01
3.648275862068965647e-02 8.649411369484844708e-03 3.941470017969244566e+01
3.817241379310344629e-02 8.688944072210240052e-03 3.976557442776856988e+01
3.986206896551724305e-02 8.726058818392638458e-03 4.009368081689141405e+01
4.155172413793103287e-02 8.761026649186104062e-03 4.040169560391366588e+01
4.324137931034482962e-02 8.794069854217843873e-03 4.069184594218980777e+01
4.493103448275861944e-02 8.825370172305389491e-03 4.096599241579033190e+01
4.662068965517241620e-02 8.855076829631705268e-03 4.122568980838770614e+01
4.831034482758620602e-02 8.883314168402489663e-03 4.147224032912315295e+01
5.000000000000000278e-02 8.910185481286816978e-03 4.170672323806761739e+01
