1.000000000000000021e-03 9.587131702242396650e-03 4.793565851121199017e+01
2.689655172413793309e-03 6.869659503798368656e-03 2.310371001072369168e+01
4.379310344827585730e-03 6.195067349746458639e-03 1.712554624775686563e+01
6.068965517241379018e-03 6.056631809378566593e-03 1.600844228548227477e+01
7.758620689655172306e-03 6.123898785536185593e-03 1.670653333808287044e+01
9.448275862068963860e-03 6.269655855271885278e-03 1.807628954204775695e+01
1.113793103448275715e-02 6.442090404436034284e-03 1.966251033800600467e+01
1.282758620689655044e-02 6.618419234541216695e-03 2.126894122491949801e+01
1.451724137931034372e-02 6.788448817536050020e-03 2.280957462570552963e+01
1.620689655172413701e-02 6.947885808278950713e-03 2.424932818154012537e+01
1.789655172413793030e-02 7.095295415858623306e-03 2.557747213076400072e+01
1.958620689655172359e-02 7.230632602218376587e-03 2.679494723920883814e+01
2.127586206896551688e-02 7.354507185595948911e-03 2.790805313206981708e+01
2.296551724137931016e-02 7.467811353127037574e-03 2.892527796618198010e+01
2.465517241379310345e-02 7.571534005178133520e-03 2.985570290776519542e+01
2.634482758620689674e-02 7.666678173838921244e-03 3.070829014252713307e+01
2.803448275862069003e-02 7.754212233065077564e-03 3.149152034024210067e+01
2.972413793103448332e-02 7.835045527371534146e-03 3.221324809388720922e+01
3.141379310344827314e-02 7.910008587485455739e-03 3.288062433743597524e+01
3.310344827586206989e-02 7.979842563882559581e-03 3.350007957848603013e+01
3.479310344827585971e-02 8.045195083968958299e-03 3.407732322475082753e+01
3.648275862068965647e-02 8.106616719200923291e-03 3.461735353935898019e+01
3.817241379310344629e-02 8.164569116726340392e-03 3.512448803655992435e+01
3.986206896551724305e-02 8.219435065603603041e-03 3.560243973604640644e+01
4.155172413793103287e-02 8.271526636039501848e-03 3.605435042971289050e+01
4.324137931034482962e-02 8.321097521407919834e-03 3.648286898349191887e+01
4.493103448275861944e-02 8.368356341687543248e-03 3.689022588098054456e+01
4.662068965517241620e-02 8.413473717887845829e-03 3.727829671441956805e+01
4.831034482758620602e-02 8.456589670690514010e-03 3.764864007630784215e+01
5.000000000000000278e-02 8.497824468896238853e-03 3.800258726763450312e+01
