1.000000000000000021e-03 9.587131702242396650e-03 4.793565851121199017e+01
2.689655172413793309e-03 6.895014108196883401e-03 2.332651537786968987e+01
4.379310344827585730e-03 6.350624164499043753e-03 1.849945763328184967e+01
6.068965517241379018e-03 6.306503111816679809e-03 1.819885449863386029e+01
7.758620689655172306e-03 6.434718246248055662e-03 1.942032176320129722e+01
9.448275862068963860e-03 6.617624099358548201e-03 2.110900273618295131e+01
1.113793103448275715e-02 6.810556134036358129e-03 2.287182681129085182e+01
1.282758620689655044e-02 6.996009458104340134e-03 2.455754778816341144e+01
1.451724137931034372e-02 7.167581092003022514e-03 2.611238918790107988e+01
1.620689655172413701e-02 7.323618280515063056e-03 2.752376931854207243e+01
1.789655172413793030e-02 7.464490546178552746e-03 2.879638132222947888e+01
1.958620689655172359e-02 7.591371302199477651e-03 2.994161491595050251e+01
2.127586206896551688e-02 7.705687325427486301e-03 3.097280390658425375e+01
2.296551724137931016e-02 7.808872273011118609e-03 3.190312576913380127e+01
2.465517241379310345e-02 7.902272856032888787e-03 3.274479119799086391e+01
2.634482758620689674e-02 7.987119055584088537e-03 3.350878814574318199e+01
2.803448275862069003e-02 8.064516949693669931e-03 3.420487582677515093e+01
2.972413793103448332e-02 8.135453057915858696e-03 3.484167095019675031e+01
3.141379310344827314e-02 8.200795304570003205e-03 3.542673724174199634e+01
3.310344827586206989e-02 8.261297031494856113e-03 3.596667818722819732e+01
3.479310344827585971e-02 8.317603284085966359e-03 3.646722611326848096e+01
3.648275862068965647e-02 8.370257150914802227e-03 3.693331621350927207e+01
3.817241379310344629e-02 8.419708400154074512e-03 3.736915746067706579e+01
3.986206896551724305e-02 8.466329995359277508e-03 3.777832241021354776e+01
4.155172413793103287e-02 8.510423170198804302e-03 3.816380534669739433e+01
4.324137931034482962e-02 8.552235345274300515e-03 3.852813285696624490e+01
4.493103448275861944e-02 8.591968781996178056e-03 3.887341131552864226e+01
4.662068965517241620e-02 8.629790417375588982e-03 3.920142167583539816e+01
4.831034482758620602e-02 8.665835930169504125e-03 3.951361912477598537e+01
5.000000000000000278e-02 8.700223567948073972e-03 3.981127348432141844e+01
