1.000000000000000021e-03 9.587131702242396650e-03 4.793565851121199017e+01
2.689655172413793309e-03 7.599692442151289445e-03 2.971605930571234566e+01
4.379310344827585730e-03 7.792465499037467755e-03 3.149952817502190072e+01
6.068965517241379018e-03 8.065732210583757833e-03 3.400742009519254339e+01
7.758620689655172306e-03 8.292634029644935928e-03 3.608647145753789687e+01
9.448275862068963860e-03 8.469466753751047836e-03 3.770574703446609277e+01
1.113793103448275715e-02 8.607514165596560907e-03 3.896950069352193680e+01
1.282758620689655044e-02 8.717003236359545729e-03 3.997166923471598921e+01
1.451724137931034372e-02 8.805430032618870653e-03 4.078099317606813656e+01
1.620689655172413701e-02 8.878084957235734750e-03 4.144593953313413692e+01
1.789655172413793030e-02 8.938709916393694846e-03 4.200077566204740265e+01
1.958620689655172359e-02 8.989992575674725372e-03 4.247010642389897583e+01
2.127586206896551688e-02 9.033895953558924649e-03 4.287189715329756723e+01
2.296551724137931016e-02 9.071882066881881840e-03 4.321951712670200152e+01
2.465517241379310345e-02 9.105064605476191272e-03 4.352313112569719067e+01
2.634482758620689674e-02 9.134305532000385267e-03 4.379057353040644074e+01
2.803448275862069003e-02 9.160287369049479808e-03 4.402802035420208426e+01
2.972413793103448332e-02 9.183558515453302956e-03 4.424040675814636359e+01
3.141379310344827314e-02 9.204560681276565196e-03 4.443171224816428833e+01
3.310344827586206989e-02 9.223655201651026481e-03 4.460518688435255541e+01
3.479310344827585971e-02 9.241135245518550950e-03 4.476350440666355013e+01
3.648275862068965647e-02 9.257239190807949741e-03 4.490885755195562012e+01
3.817241379310344629e-02 9.272160669388740395e-03 4.504305501382943788e+01
3.986206896551724305e-02 9.286054762981880983e-03 4.516757777703374188e+01
4.155172413793103287e-02 9.299048074746973230e-03 4.528365489142645117e+01
4.324137931034482962e-02 9.311243219556118375e-03 4.539229866051185525e+01
4.493103448275861944e-02 9.322723647472398387e-03 4.549434318251334730e+01
4.662068965517241620e-02 9.333558200490086817e-03 4.559048658579109059e+01
4.831034482758620602e-02 9.343803459547697990e-03 4.568129811125157858e+01
5.000000000000000278e-02 9.353506833754375582e-03 4.576726429159435838e+01
